jun1_DEP	jun2_DEP	jun3_DEP	jun4_DEP	jun5_DEP	jun6_DEP
494	637	595	601	525	579
361	441	409	401	323	343
460	603	590	540	502	491
776	928	869	861	657	719
621	708	706	643	579	566
877	959	881	951	863	842
1007	1046	945	1028	1001	990
747	876	827	785	596	693
619	776	688	601	449	474
369	457	405	365	365	346
1037	1079	934	1026	965	944
968	975	898	981	981	935
624	745	735	628	432	465
1051	1087	933	1057	1072	1020
899	957	893	942	949	899
893	953	887	904	938	886
504	620	576	452	485	514
1087	1131	1029	1012	796	891
558	652	620	487	487	512
684	908	770	717	621	671
1028	1075	1026	889	872	899
1021	1034	913	1042	1061	987
1004	1066	968	1060	821	868
405	539	487	442	433	388
910	1011	967	818	584	633
778	874	864	846	691	750
952	951	864	981	977	957
787	876	787	807	708	756
940	1004	900	996	941	935
600	745	734	673	547	587
950	984	866	952	937	940
962	1021	896	1005	962	941
780	938	870	831	713	725
1021	1005	937	1009	1020	1006
356	437	389	413	329	331
931	984	891	959	935	941
302	363	357	360	312	305
891	978	884	932	844	903
1004	1028	981	1027	1004	970
875	934	910	844	678	743
538	626	613	591	518	533
728	845	790	770	688	752
907	995	904	940	866	905
974	978	881	969	979	936
524	689	624	532	523	546
755	899	872	793	667	641
823	971	888	863	727	808
960	1024	941	904	836	873
1050	1077	948	1071	1055	1025
846	892	874	906	747	797
725	839	804	892	611	675
915	957	861	948	926	908
627	779	691	626	503	513
929	997	924	951	781	868
563	668	681	597	468	585
410	467	442	469	445	414
795	975	1003	884	691	770
400	465	437	385	386	364
830	958	859	906	888	914
1060	1083	979	966	841	886
1037	1171	1027	897	782	832
623	607	665	514	442	516
984	1013	917	1040	1011	939
657	816	754	648	544	635
987	1002	927	921	856	918
1021	1044	979	928	759	827
959	962	894	900	828	847
1051	1091	957	969	796	854
758	914	894	781	673	734
575	708	675	602	526	610
749	887	877	809	550	702
758	800	824	730	704	681
391	497	443	466	426	452
957	966	901	1013	962	949
1223	1414	1226	1317	1094	1098
843	934	853	902	892	858
775	954	901	814	675	730
1008	996	903	1011	963	976
480	616	572	472	468	484
865	922	903	835	686	759
1000	1021	916	1029	1001	969
469	588	546	466	412	395
973	989	902	989	971	926
848	907	849	846	738	823
654	784	795	657	547	642
853	920	841	831	795	869
950	976	879	970	949	910
1132	1156	980	1133	1160	1089
538	659	606	582	551	506
805	926	882	831	654	684
895	951	892	924	809	796
662	825	779	697	570	670
970	983	862	980	981	932
929	1016	915	969	742	796
992	1036	909	1058	1046	1015
575	611	636	531	468	475
968	978	887	973	978	934
643	660	603	657	634	610
946	984	849	998	963	924
733	870	814	737	629	665
994	1013	926	1028	1052	975
829	940	854	753	562	665
937	957	850	884	814	873
971	1017	944	1012	917	956
998	1053	932	1044	950	990
895	1076	969	909	675	725
1039	1095	947	1032	974	982
994	1073	957	958	857	945
848	971	891	917	826	861
1129	1153	1000	1132	1048	1077
903	986	951	865	741	801
1003	1019	957	923	876	945
647	772	693	693	567	612
986	981	888	994	997	948
982	1124	1021	897	730	786
910	994	909	987	919	936
837	958	905	871	709	746
682	837	765	653	566	617
790	892	819	749	741	757
949	1003	901	1011	868	966
962	1045	925	981	830	862
1000	1019	965	963	843	824
753	885	892	806	711	799
953	1033	891	924	891	973
753	856	820	767	642	694
1028	1061	920	1014	980	996
787	878	885	811	679	776
658	722	708	755	541	598
910	926	847	948	907	879
906	956	875	889	800	836
914	952	880	923	871	906
1024	1009	896	1034	1028	992
388	493	431	503	393	371
812	998	932	1036	779	858
1047	1034	922	1053	1026	1014
877	950	932	991	798	822
1069	1141	998	1117	1019	1022
873	999	970	889	687	689
937	946	882	945	944	912
499	600	582	484	459	479
938	951	850	942	960	916
837	944	860	884	717	868
516	562	588	502	495	476
646	759	776	647	549	595
526	596	637	598	518	597
905	949	845	949	920	902
445	499	488	472	391	412
805	831	910	832	684	763
934	1041	976	977	905	857
391	526	447	483	424	390
845	978	885	802	617	709
746	942	846	735	617	663
685	881	812	755	596	707
921	978	930	909	817	839
660	858	738	685	555	599
629	784	820	655	569	625
821	952	906	916	810	800
776	899	881	769	792	839
890	928	858	934	885	873
910	988	921	990	851	942
411	529	448	465	413	406
984	1022	902	993	961	967
667	834	811	670	614	635
996	1013	888	991	1003	978
1042	1044	950	1030	881	1004
1033	1069	954	1022	890	995
660	830	764	693	707	685
855	983	894	886	916	875
864	929	860	880	764	840
631	726	630	681	600	670
880	944	860	925	818	855
751	935	826	795	757	793
705	818	783	730	539	595
552	662	611	542	499	518
777	871	802	798	666	724
981	991	879	1001	924	925
343	453	454	425	323	338
822	917	844	831	793	847
994	1009	866	1009	1010	951
1073	1103	935	1077	1082	1010
896	952	881	964	701	776
1125	1140	1028	1011	947	1003
967	999	898	993	1023	941
508	655	592	558	372	386
1007	1034	936	906	822	817
619	817	749	762	544	552
1202	1222	1088	1212	1155	1155
985	1081	1032	828	714	768
538	660	532	614	530	584
1102	1104	1010	1095	796	933
850	964	896	896	766	779
1095	1119	1010	1068	866	980
924	949	886	959	795	830
553	773	625	629	620	614
705	853	876	711	617	692
1197	1216	1012	1193	1212	1167
497	662	589	551	497	501
927	980	916	974	792	845
711	887	827	779	671	681
954	992	907	980	973	961
767	931	933	786	660	737
509	619	555	557	481	480
819	925	881	859	799	888
634	801	784	693	689	672
960	989	879	983	973	944
856	981	1019	920	659	684
830	927	873	918	717	788
813	937	839	790	679	644
796	970	892	854	781	798
1118	1149	1023	1088	1020	1090
896	934	877	945	935	865
831	917	829	857	796	747
732	894	907	743	597	683
813	932	951	773	648	712
967	988	871	948	928	923
958	978	910	983	989	934
1213	1268	1018	1297	1285	1214
663	764	710	709	628	621
678	761	755	657	514	565
792	903	872	764	627	677
463	551	537	478	535	503
964	988	861	978	970	909
910	1014	916	942	901	957
824	891	877	911	861	896
603	784	675	665	571	646
844	932	871	860	718	854
467	556	531	488	458	526
561	641	688	623	559	558
932	938	854	975	876	938
665	740	664	648	581	627
540	710	593	577	564	501
535	682	588	566	520	462
892	1017	909	888	771	805
1015	1064	937	1050	1020	1005
679	779	827	720	703	765
714	814	853	723	625	694
526	560	489	540	459	458
856	959	903	912	759	849
722	815	848	729	607	658
612	702	753	626	577	626
928	964	896	954	948	909
578	626	638	590	491	550
956	971	856	972	953	917
755	874	805	702	680	626
1103	1164	1030	1049	811	874
924	1020	901	909	833	841
958	996	917	981	982	936
1020	1055	939	1060	1042	966
749	868	807	710	577	669
674	819	668	798	547	553
1017	1038	913	1020	1059	1008
935	940	871	952	800	911
901	974	880	984	889	919
563	701	682	563	376	424
817	908	876	789	588	648
904	1042	962	877	721	731
974	1224	1107	930	793	919
496	615	566	504	441	460
426	475	426	444	381	371
466	620	533	610	450	481
900	1015	871	965	873	940
995	1014	915	1006	974	997
707	847	792	739	686	728
1039	1050	883	1043	1048	1029
800	851	835	808	685	690
379	397	374	412	354	349
786	833	850	718	611	711
711	935	850	750	628	658
889	948	904	867	734	833
742	902	790	797	674	678
939	1016	946	878	728	806
544	668	565	661	520	505
822	904	852	784	678	725
727	859	819	792	718	703
858	930	855	942	822	879
707	883	827	895	714	774
303	380	370	326	305	343
1091	1295	1174	1292	990	942
467	477	493	460	400	440
513	638	685	601	462	538
397	443	435	429	397	389
909	911	856	933	892	877
808	914	838	894	718	730
748	884	839	830	671	731
877	948	859	930	782	785
1128	1221	1098	1004	874	882
869	917	810	891	685	714
522	602	585	594	453	473
593	667	681	493	458	532
962	1015	901	921	843	895
938	994	985	881	774	774
712	882	784	773	656	676
785	924	809	799	582	653
1028	1074	956	1045	1028	1013
847	944	910	922	779	784
653	794	756	865	603	597
957	1002	975	1033	750	781
984	1022	914	1004	1004	977
869	923	833	881	690	770
904	1024	908	932	774	834
1002	1188	1036	779	723	734
350	451	355	355	313	311
841	993	958	881	641	710
1056	1101	964	986	861	927
1102	1152	1017	908	805	868
731	787	824	701	506	548
947	975	911	963	987	927
1004	1049	973	1001	924	950
901	928	876	954	889	908
940	1056	926	992	893	900
1080	1130	985	1142	1081	1103
958	1046	974	958	749	841
1112	1138	1020	1094	1029	998
1038	1035	957	1068	1033	1024
1056	1086	955	1064	1071	1029
958	999	896	1000	847	920
876	968	893	886	803	877
991	1048	922	1026	820	855
926	975	852	965	936	895
565	674	624	603	462	553
985	977	908	972	986	942
932	1013	920	995	936	962
1019	1068	941	966	950	1036
762	855	858	767	489	554
644	739	738	632	467	517
1010	1041	922	1016	1028	983
344	399	394	382	281	319
994	1013	893	986	990	956
973	1007	914	968	853	898
1024	1050	970	1036	1065	1031
847	949	902	747	673	671
1067	1101	966	955	794	860
666	734	725	626	504	485
787	882	805	681	632	649
958	990	854	981	984	950
771	866	810	869	597	644
991	988	873	994	995	961
820	936	866	815	748	829
1003	1043	941	1014	997	989
838	947	886	847	697	798
1019	1080	992	973	848	933
512	669	598	540	479	439
575	629	640	528	558	539
919	945	905	945	872	903
857	1006	932	861	610	588
965	1004	906	1019	981	946
533	635	582	523	435	462
841	937	919	921	863	794
772	922	844	839	754	810
484	626	583	561	511	532
538	629	586	572	485	553
932	992	882	965	946	934
1127	1191	969	1138	1177	1119
832	910	887	888	702	805
574	640	617	561	478	574
291	352	355	345	337	307
844	925	899	885	772	896
937	965	879	973	945	886
520	733	664	584	536	600
966	970	855	979	961	951
497	535	579	557	421	496
688	846	838	758	674	708
766	862	845	790	678	697
682	818	789	711	669	718
901	939	869	919	809	909
938	948	848	954	853	884
764	906	850	867	815	852
455	522	554	508	497	468
482	623	566	499	442	495
843	998	939	781	666	669
797	944	822	845	532	624
503	695	573	471	368	400
694	678	584	680	624	660
612	832	744	700	606	648
1133	1161	1025	960	921	984
412	553	551	512	420	424
850	890	852	903	866	875
865	961	865	866	829	794
750	954	904	768	752	765
452	592	512	494	434	448
264	314	297	321	255	237
541	690	732	601	473	445
902	925	872	943	741	785
908	948	912	940	933	907
765	871	860	790	672	787
703	806	756	654	638	628
1075	1121	998	969	788	864
846	983	909	813	704	739
789	1032	914	960	725	777
676	749	718	667	595	622
984	990	908	970	1023	979
946	1014	916	904	749	781
1032	1064	940	1017	892	921
743	779	845	769	555	607
793	931	838	753	659	713
663	710	662	573	408	487
441	514	479	398	277	331
780	952	886	710	626	630
1037	1172	1069	965	813	900
901	947	884	918	844	913
984	1046	927	1002	1014	961
987	963	906	934	761	784
1079	1119	1006	1023	935	964
1095	1114	1074	972	694	798
994	1014	876	1005	987	982
977	1038	1007	846	623	728
767	978	893	812	728	669
560	685	624	576	407	511
555	734	656	604	587	582
346	392	408	378	323	390
775	891	884	786	636	652
703	917	833	823	695	691
740	780	739	692	592	647
1020	1102	1002	1035	876	864
842	913	853	845	863	852
802	863	838	756	729	807
413	528	468	454	362	418
654	746	672	677	646	708
533	636	671	511	468	530
458	556	538	453	439	486
975	968	893	988	903	965
815	897	842	867	743	819
496	601	560	574	492	539
698	836	825	800	597	678
531	656	636	615	523	553
431	586	601	529	447	472
907	997	947	917	828	885
973	980	909	966	972	952
1411	1462	1329	1424	1257	1326
938	983	884	975	934	914
1021	1040	918	1057	1058	1003
475	557	502	523	426	466
822	951	863	890	693	759
890	981	905	930	779	883
740	858	797	728	638	715
885	942	862	924	831	870
735	860	823	789	711	770
621	702	705	696	532	576
752	865	787	800	658	654
444	307	594	398	320	323
318	198	343	381	257	274
891	510	910	944	774	876
864	495	887	854	688	721
626	425	788	714	527	619
801	442	851	875	753	825
828	458	839	843	778	799
909	479	889	955	685	756
735	423	816	803	605	700
863	483	892	862	706	818
1024	533	991	1003	1001	1004
890	477	866	939	863	880
934	494	924	907	791	864
973	502	895	1001	977	983
990	507	916	1006	1004	961
1015	560	1000	906	797	777
790	482	856	726	648	672
785	483	862	834	663	698
720	464	828	736	641	678
941	515	921	867	775	803
518	392	563	583	451	483
635	425	750	652	567	645
812	490	851	876	733	716
1005	519	905	983	974	992
950	478	878	973	941	930
696	412	812	620	549	569
685	409	693	683	536	599
710	446	734	698	700	659
731	459	828	753	737	662
1101	549	1016	1079	1004	1057
989	525	967	843	610	683
992	546	1007	944	796	823
1056	555	971	1094	1054	1071
889	486	898	872	729	821
955	494	862	991	954	945
488	549	560	508	393	473
403	291	482	433	330	357
954	484	884	963	943	921
1025	510	914	1009	1039	984
603	436	643	553	409	453
505	357	520	446	402	410
978	987	900	1002	967	962
522	609	604	543	400	480
836	921	864	891	791	858
819	937	880	904	714	836
374	462	450	457	371	418
990	1020	908	1014	961	943
963	984	872	1003	968	916
811	939	870	840	764	915
937	962	876	928	870	901
851	938	937	839	752	832
715	830	820	786	635	706
846	1010	950	820	670	668
600	696	642	584	468	517
445	495	509	543	442	400
784	896	805	852	771	749
931	963	904	987	877	903
945	946	883	952	845	862
470	584	621	593	495	522
948	1011	909	938	875	916
759	994	953	802	610	674
345	453	420	407	330	370
1035	1074	969	1041	1074	1051
449	493	493	493	416	423
863	946	830	912	835	846
761	898	793	860	667	713
1025	1029	935	1036	1060	991
1043	1069	957	981	822	925
1004	1089	959	870	788	891
767	887	819	792	680	737
424	482	478	420	350	390
681	741	671	692	584	540
888	960	895	977	794	826
980	1032	955	1013	724	775
898	980	914	848	785	860
850	947	839	910	768	841
492	561	572	529	463	511
563	644	612	501	433	490
978	978	865	970	1009	926
643	758	714	663	718	714
835	921	845	929	812	869
709	800	835	647	647	724
926	979	880	973	954	930
722	867	818	747	663	688
360	488	393	442	412	404
528	542	559	551	383	487
709	867	775	806	700	657
963	1020	912	997	998	953
925	934	879	894	911	920
794	927	881	837	725	829
511	695	610	617	536	549
947	955	875	953	916	920
697	928	753	745	701	722
956	992	914	973	968	959
1016	1029	912	1035	1067	993
949	1043	904	939	838	778
1017	1008	929	1023	999	998
474	517	529	432	449	467
913	1033	960	923	865	916
974	1023	951	925	848	908
952	1034	955	956	824	850
1010	1048	934	1007	1049	994
1061	1086	926	1071	1016	995
1023	1080	976	1006	879	897
458	483	500	500	430	458
587	737	699	645	577	607
923	971	922	987	954	915
896	1023	994	959	821	820
438	560	502	488	420	437
523	685	649	607	496	548
328	408	377	384	353	344
464	534	535	432	486	474
804	931	901	750	533	520
681	882	797	725	597	653
378	486	448	484	364	395
641	692	697	634	560	606
301	366	325	326	314	300
994	992	896	1004	990	950
916	1006	944	886	765	846
544	589	583	544	477	461
604	773	698	581	698	616
821	961	874	829	824	855
890	941	903	948	849	900
990	989	926	943	920	977
917	485	920	962	895	916
843	468	877	904	902	877
733	430	817	715	644	675
527	380	633	629	548	546
935	472	851	932	940	879
925	496	920	972	957	905
923	473	850	940	942	907
724	451	758	699	690	698
968	501	877	958	984	936
922	477	907	959	908	907
435	297	484	495	393	358
535	337	646	584	551	565
628	418	772	641	575	600
809	920	835	859	662	685
684	466	839	799	743	747
485	284	557	535	444	511
695	467	809	732	646	700
552	349	672	619	582	668
549	370	621	641	538	544
702	444	755	644	646	661
799	461	842	899	765	801
719	484	799	759	622	681
797	482	922	726	683	756
887	483	922	950	778	823
777	471	861	803	712	773
550	411	706	629	594	590
362	203	433	388	381	367
998	515	923	995	941	988
959	517	924	1002	1006	952
745	484	832	815	736	773
979	495	901	1005	989	978
782	997	906	818	718	798
863	498	916	949	871	925
957	475	903	994	950	939
436	237	522	469	443	467
582	410	707	707	482	568
942	512	905	981	987	938
759	469	816	794	799	723
842	463	843	875	731	863
642	393	779	670	659	679
651	431	770	667	581	584
435	316	522	475	475	505
1099	582	990	1078	825	897
927	482	895	922	721	749
1008	539	934	1049	1037	1003
696	459	806	756	602	650
525	333	634	618	533	563
937	488	884	979	977	934
686	391	735	699	593	593
517	361	589	544	492	500
864	505	913	806	695	763
978	506	907	1007	956	930
678	454	763	657	652	650
819	497	816	818	720	701
841	476	880	848	803	819
659	431	737	642	541	627
522	286	542	563	420	460
1022	515	879	1063	1090	990
884	527	926	938	786	804
596	300	564	647	636	585
938	483	880	959	948	933
677	424	683	732	693	642
449	221	416	431	437	431
849	472	875	919	853	880
836	485	916	891	771	872
943	490	899	969	907	963
814	457	839	839	692	749
812	522	881	701	555	651
985	506	942	937	885	946
884	474	837	898	866	888
1002	524	919	1001	1018	985
1009	510	913	1036	970	965
849	492	905	897	780	878
835	476	873	936	713	810
784	455	853	833	743	699
871	466	866	934	736	814
684	436	816	736	674	682
813	510	920	822	723	820
842	465	896	923	762	824
527	313	663	538	435	524
1050	543	980	1064	941	1039
802	469	878	830	772	806
986	502	896	1030	1020	962
880	467	860	952	817	885
377	232	443	376	340	366
1021	510	954	1052	1009	975
778	424	825	810	635	737
990	500	929	1017	1017	952
750	497	871	825	678	710
389	288	464	416	398	442
980	517	908	1010	1001	965
988	528	958	1054	979	963
989	497	935	1000	990	986
864	517	933	956	736	824
510	332	517	506	457	406
607	415	711	647	551	567
847	527	920	916	771	783
831	488	880	835	636	710
901	483	898	856	823	900
326	239	342	333	275	307
424	268	501	448	424	449
942	487	902	939	930	924
449	271	441	506	432	446
549	414	709	602	692	710
646	396	748	698	571	650
792	480	841	904	740	789
797	480	825	812	669	675
795	478	846	812	752	805
567	391	605	482	529	514
840	483	864	907	747	853
639	421	744	746	662	675
861	467	867	881	753	836
964	509	918	997	948	963
954	497	930	1022	908	960
561	393	582	618	539	529
525	403	691	604	525	581
404	261	462	462	378	405
696	449	836	751	692	738
427	307	463	494	380	389
532	336	630	632	535	549
282	231	315	371	314	340
414	240	459	428	414	420
779	447	867	818	754	845
462	334	602	519	488	512
848	480	890	849	725	798
556	408	690	651	514	574
805	474	898	896	748	842
603	387	644	615	578	623
313	216	354	389	285	267
535	356	595	699	442	484
856	463	880	923	858	875
809	488	886	788	693	694
677	444	842	731	682	675
833	473	856	933	814	865
503	318	575	494	461	449
718	450	755	735	651	650
887	482	863	879	778	830
646	399	680	641	543	651
520	364	641	526	517	495
641	388	732	695	578	556
474	322	563	530	475	425
928	498	864	949	903	920
766	478	855	921	847	841
903	461	881	944	857	885
939	486	883	967	846	942
540	358	649	516	482	534
851	467	884	865	787	850
926	474	893	973	803	879
800	447	886	854	721	794
669	445	759	705	631	663
801	487	883	929	810	831
765	456	823	845	699	719
771	457	841	800	713	751
692	451	736	666	601	587
516	379	619	536	510	544
573	356	646	617	493	504
670	425	727	708	605	585
930	502	926	872	680	736
941	467	867	952	858	898
595	452	652	676	462	538
433	271	467	471	445	458
643	469	785	698	620	625
899	485	912	973	793	862
678	393	714	727	592	629
947	561	984	903	788	856
947	472	874	979	965	930
881	503	916	860	638	704
1449	835	1397	1490	1181	1282
1115	574	1016	1017	944	991
560	358	636	477	440	428
478	305	544	451	369	377
1125	588	1000	1094	1001	1067
914	471	907	967	871	940
369	246	402	429	361	374
852	480	887	879	740	792
1059	533	933	1074	1091	1043
777	476	856	822	700	735
880	558	895	755	608	615
726	454	795	732	644	687
940	508	899	943	823	898
656	454	808	743	618	610
818	452	860	842	753	834
497	345	555	539	454	485
886	483	870	925	886	897
856	483	910	893	829	917
982	507	881	973	894	924
762	460	851	773	684	760
951	504	923	985	992	970
558	331	584	577	588	568
855	507	910	951	844	875
841	494	915	872	769	762
854	474	879	936	671	789
768	472	831	797	628	814
538	382	589	545	528	533
698	450	768	757	740	721
828	455	838	845	786	875
640	404	748	684	653	722
960	480	893	960	827	879
708	468	783	827	602	694
626	407	711	619	613	603
612	373	715	649	566	615
884	484	877	925	880	876
394	236	456	394	357	380
864	476	851	813	777	810
835	463	908	901	811	880
348	218	399	350	317	356
950	493	890	986	983	944
670	449	774	813	539	629
831	486	902	868	755	747
878	521	908	951	824	901
751	493	814	944	666	630
890	473	870	954	856	913
946	502	887	960	878	917
825	492	871	853	687	687
337	256	385	420	346	393
819	475	857	882	675	762
930	508	924	1012	782	856
734	452	862	894	735	795
975	502	891	980	978	930
806	467	882	866	769	825
638	406	760	615	634	691
714	438	861	742	688	724
965	485	891	974	865	928
921	492	900	986	765	923
704	438	835	772	677	755
806	448	844	701	630	707
989	512	922	973	797	938
840	484	906	793	759	820
1081	536	958	1076	1087	1029
594	391	725	647	569	589
863	506	921	965	928	932
1028	528	971	960	778	821
743	482	797	809	638	729
881	469	862	895	853	788
651	433	756	635	621	646
972	491	881	1002	954	927
1072	578	960	1098	1090	1065
931	457	885	932	944	895
603	454	668	671	482	556
861	518	856	806	599	655
561	337	643	582	498	562
951	517	902	904	706	762
784	504	820	820	634	719
733	471	745	693	623	700
882	480	850	910	862	896
1111	588	1062	991	734	827
974	511	949	961	828	821
312	191	348	323	319	299
948	483	873	952	883	909
997	542	929	1055	868	938
942	490	856	976	936	936
981	501	875	985	991	930
944	490	867	976	923	938
962	496	903	980	1001	942
1072	534	932	1060	1021	1009
856	470	871	934	877	886
894	478	908	949	752	862
554	398	552	665	468	480
721	447	810	822	668	759
680	448	794	770	631	665
882	534	997	1005	785	834
475	334	551	530	424	459
272	208	293	293	292	319
462	291	529	441	389	408
595	407	656	677	530	587
924	525	925	921	771	845
824	507	922	861	880	841
719	452	834	704	633	626
887	506	962	906	714	761
847	543	996	889	754	786
1020	524	934	1066	1041	1008
695	418	713	640	509	508
998	542	964	945	868	941
879	482	892	951	824	877
312	222	418	381	305	342
1029	516	929	1054	1060	999
1040	524	950	1041	1039	974
924	483	870	862	760	821
502	324	613	553	478	473
875	471	858	944	882	879
1004	506	896	1006	1029	955
845	504	883	843	831	818
875	505	927	858	782	878
962	523	907	1007	969	958
865	480	865	944	833	801
738	465	808	853	737	698
971	640	1133	1121	837	861
690	448	796	721	642	717
925	539	917	892	672	691
921	495	937	998	960	927
999	531	959	965	828	842
976	482	869	1003	1010	931
712	457	813	775	602	644
1041	526	972	987	916	968
1108	571	949	1112	1081	1078
651	430	733	735	536	595
610	412	693	545	441	500
1057	535	971	953	909	958
1039	535	981	1080	964	968
518	215	494	513	516	575
925	507	902	975	994	974
471	227	450	430	424	471
492	324	512	487	574	504
949	575	1006	985	816	891
787	415	733	826	817	833
811	516	934	830	591	692
956	486	828	956	992	920
840	471	900	963	760	787
742	466	831	751	640	697
903	474	854	955	757	772
589	449	715	682	540	553
1125	562	1004	1085	935	1040
746	461	828	773	692	728
659	426	715	672	603	652
933	481	862	1001	950	938
530	379	610	574	398	434
927	503	948	840	740	829
889	490	887	917	766	867
1012	588	1064	1129	1005	1020
802	463	849	755	696	745
357	244	425	421	323	336
938	484	887	989	957	915
658	462	784	748	601	574
614	401	674	670	671	624
358	224	396	384	304	344
1000	517	933	1013	1025	972
327	205	388	398	348	375
690	401	724	664	579	619
787	481	790	732	583	600
578	352	616	603	509	529
913	524	954	1044	957	967
756	420	911	769	653	747
940	505	884	974	927	916
994	498	931	1014	888	966
914	487	874	927	868	879
832	474	867	849	738	872
825	484	887	835	804	841
632	425	688	689	575	628
547	343	639	536	392	414
937	495	880	975	863	901
983	498	890	994	981	968
995	509	913	998	882	962
978	487	928	1011	994	953
413	255	452	436	392	373
546	390	662	646	483	532
752	475	875	765	685	708
485	326	615	469	482	515
801	468	867	795	763	781
778	476	844	841	743	859
982	510	911	1000	991	984
954	524	953	975	938	956
968	499	906	997	917	945
1000	508	908	1006	997	973
554	354	542	508	477	504
789	515	839	868	564	685
1056	532	937	1022	983	991
904	491	921	964	912	938
1028	507	943	976	805	945
607	356	698	638	458	522
961	502	946	988	887	904
666	419	679	594	447	512
1001	494	877	981	1010	977
744	471	789	787	556	558
593	373	702	623	574	645
573	361	647	520	421	434
918	561	951	805	674	739
1076	537	987	944	880	903
917	491	873	928	946	911
823	515	904	844	738	760
999	531	968	956	824	914
594	384	665	577	468	482
1152	563	966	1182	1212	1111
978	497	879	1000	1010	932
978	519	958	987	979	953
948	513	915	1008	912	905
805	492	856	845	783	771
964	503	915	994	943	945
355	242	440	418	330	345
961	509	894	983	932	930
1022	499	891	1015	1023	942
913	460	852	941	879	882
956	499	923	912	744	883
516	348	535	489	375	411
1018	533	946	1000	861	870
801	461	848	932	805	831
1004	523	910	1004	911	973
1055	551	979	1018	841	863
843	572	935	740	619	696
587	426	642	590	476	487
730	486	834	760	755	780
548	341	587	497	471	513
1010	527	913	1039	950	954
910	481	897	937	773	807
1003	534	966	1056	1022	1030
961	496	877	972	919	931
921	490	876	971	968	923
702	461	812	717	709	686
676	450	818	806	615	669
826	512	928	958	688	778
559	315	573	595	470	525
353	261	396	416	402	395
743	418	769	745	696	705
971	476	891	986	977	909
336	242	370	375	357	378
939	499	859	971	992	939
962	482	893	969	937	956
1119	569	1016	911	720	750
441	267	483	531	317	410
988	508	865	987	988	919
614	415	695	694	609	598
935	495	929	903	720	819
787	598	873	762	615	594
960	508	893	973	891	941
570	331	687	645	533	530
628	446	754	665	598	668
1032	533	961	979	791	883
1061	563	1010	1062	1010	990
596	368	650	562	497	523
494	258	469	514	452	457
887	491	911	840	792	810
1053	528	948	1070	1018	1009
955	491	915	942	938	924
906	526	991	930	638	705
836	450	823	856	761	785
1178	636	1114	1264	1130	1164
943	503	894	982	969	920
1065	550	971	1088	999	1026
892	497	929	960	811	765
1103	545	953	1106	1139	1048
906	482	864	926	935	941
1000	496	950	1041	1060	1061
941	482	876	937	894	929
381	279	448	451	357	423
1102	553	1046	1122	1042	1091
1046	519	970	1053	1066	1044
1017	530	912	994	1029	1002
753	404	774	729	607	680
591	396	710	625	598	609
890	544	875	821	675	705
953	503	903	983	935	945
1023	515	930	1033	1039	1005
1052	539	978	1032	905	961
970	507	891	999	1018	987
1034	503	943	1044	1049	1014
496	340	559	492	443	476
415	277	492	516	386	453
956	489	909	985	934	936
919	497	887	959	939	918
1000	518	955	1029	1029	989
578	384	769	569	455	452
670	443	717	723	611	673
570	360	631	566	452	439
1033	523	911	1063	1067	1022
478	303	459	491	378	417
1044	550	967	1013	867	989
1123	574	1023	1029	849	890
1044	525	940	1023	1055	1014
1002	515	964	1002	1007	973
1325	651	1203	1276	1074	1138
939	499	893	922	858	931
837	454	858	897	792	835
671	386	764	704	565	581
469	280	546	523	466	487
690	451	763	712	654	677
641	446	690	713	601	646
996	519	902	1029	1025	976
947	505	935	999	933	940
587	377	664	664	625	672
991	504	879	998	973	953
883	584	969	960	826	876
897	486	930	976	841	902
873	490	901	884	763	825
795	472	845	832	803	862
555	380	664	632	604	569
854	489	901	944	880	901
929	508	928	958	833	870
782	517	966	845	614	722
636	418	676	661	611	657
944	473	907	987	983	937
822	542	924	977	759	798
988	516	898	965	1000	947
804	473	832	797	727	706
918	489	864	948	775	862
943	516	922	886	782	777
968	511	924	1043	980	969
917	487	894	994	900	919
1071	543	994	981	802	791
999	521	906	1032	1054	1006
976	489	945	1018	945	982
877	530	952	894	882	891
842	465	843	877	768	804
824	504	897	858	704	745
821	484	880	917	728	825
623	412	674	699	507	578
424	302	496	495	414	403
615	421	681	670	651	637
743	430	798	704	611	639
880	448	863	936	815	887
923	484	852	966	924	881
770	488	905	768	645	746
1034	507	938	1014	1008	994
904	562	936	904	609	663
998	513	908	1020	975	976
1053	559	947	1096	1019	1015
601	417	712	593	456	580
553	418	668	575	439	478
1104	566	1009	1142	998	1091
977	517	906	898	833	911
875	495	887	833	834	802
801	470	856	861	743	733
773	589	830	725	526	551
831	494	884	883	712	739
911	493	913	902	799	847
806	485	855	813	769	843
946	517	945	829	648	728
996	517	912	1018	1017	968
534	374	612	605	424	497
1023	539	972	966	965	968
791	483	871	829	662	700
438	263	528	497	429	436
872	462	857	905	815	859
863	470	901	931	796	907
980	517	927	1018	993	961
903	485	905	914	823	968
715	460	766	780	638	649
944	499	895	972	944	953
1067	564	950	832	768	811
1078	533	960	997	993	1007
1118	572	1015	956	919	978
985	513	926	984	860	965
894	468	867	945	899	908
1023	509	946	1040	972	992
729	449	764	739	685	668
481	294	503	422	307	346
601	419	623	618	591	597
1272	669	1183	1220	1126	1230
319	187	401	355	278	332
730	470	821	698	670	675
575	384	603	597	381	409
993	503	963	1006	945	999
741	524	865	847	673	652
1093	566	972	1125	1071	1079
826	476	855	940	777	807
982	487	921	1037	1003	959
952	525	1002	991	815	845
1184	879	1154	1106	788	796
944	468	866	985	945	908
678	418	692	667	530	586
623	401	668	622	430	513
622	379	704	595	482	556
1049	522	898	1047	1037	959
1091	570	976	1088	1110	1110
679	403	737	657	485	531
539	400	642	548	392	435
729	453	836	759	677	663
786	479	858	885	731	819
869	479	889	892	763	792
868	478	878	959	859	885
961	487	906	1016	884	950
810	487	908	885	817	817
794	475	834	779	706	739
637	407	726	667	566	580
820	466	896	893	756	845
851	446	855	858	792	827
458	272	518	477	398	429
298	210	355	348	309	282
945	485	880	960	901	934
888	466	875	944	807	894
951	471	868	956	936	891
431	287	494	441	390	415
1025	600	1104	995	843	839
985	519	917	971	853	910
730	503	761	665	490	549
1063	532	971	1064	790	895
1020	533	980	1027	1022	1009
1032	506	949	1046	936	993
1030	514	911	1070	1057	1018
911	492	884	995	917	892
896	485	892	976	899	921
535	335	617	577	435	533
879	487	885	1014	952	921
941	526	928	913	782	831
1115	550	1008	1043	943	1075
1050	552	975	986	828	907
1002	529	938	951	895	980
721	480	756	798	610	573
823	488	880	892	826	860
910	495	888	869	750	781
1002	514	888	983	937	977
822	478	837	755	701	721
454	329	463	507	419	456
416	280	534	482	441	403
1021	517	872	1011	1032	1004
782	459	874	784	700	719
517	368	589	598	441	458
651	460	768	699	559	598
746	430	794	820	653	699
961	492	863	961	945	945
464	336	552	513	478	496
908	490	885	913	844	900
565	353	631	587	606	542
992	511	913	1020	1009	985
775	474	847	793	717	796
677	411	694	572	491	547
924	515	928	888	910	862
1133	583	1026	1156	962	1055
1014	509	899	1016	1034	1000
646	391	696	602	530	601
1078	566	1017	1043	992	1088
430	237	433	396	306	329
748	482	863	724	710	738
630	428	729	599	457	433
703	438	825	760	599	634
1113	593	1036	1019	900	989
1033	535	922	1074	1081	1012
1006	518	910	1055	1056	990
995	511	917	1020	955	996
682	423	739	602	484	505
979	501	894	997	958	931
993	507	881	1035	1042	984
929	469	885	973	915	918
1058	540	962	1002	892	979
1053	555	927	1085	1083	979
875	494	890	921	850	883
840	473	904	907	887	919
517	345	556	511	492	479
852	527	920	894	624	692
894	481	864	901	807	875
823	502	920	792	657	680
759	447	827	775	674	731
355	226	355	389	319	352
1050	534	942	1044	1082	1056
1114	536	968	1127	1147	1067
749	448	817	782	736	758
749	442	815	797	740	718
861	502	881	875	786	888
1037	521	916	1033	1022	979
406	250	449	435	378	381
747	463	870	847	680	766
907	520	947	843	778	846
910	533	955	977	762	864
662	458	826	759	617	691
910	462	879	923	911	866
845	471	857	929	804	836
867	468	866	948	796	841
325	220	374	329	320	364
890	455	880	939	856	892
851	498	910	935	740	880
868	479	889	909	807	881
668	405	764	689	630	647
550	329	664	572	547	595
1067	533	964	1070	959	927
750	449	723	799	643	683
620	397	689	662	610	676
500	324	545	475	488	500
808	500	849	922	872	893
971	480	896	1031	1003	958
792	498	872	829	774	813
1080	557	965	1119	1123	1064
1109	550	996	1123	1113	1081
643	437	757	599	425	524
1037	553	923	1075	1079	1018
588	361	612	579	540	484
964	514	934	1019	985	957
932	466	867	961	920	908
765	451	841	796	688	715
898	489	887	940	841	923
560	365	645	583	570	563
843	488	893	857	731	800
948	500	866	981	991	934
931	478	866	952	930	898
978	486	886	992	998	927
876	495	901	908	807	881
948	470	841	957	926	935
915	493	907	971	800	894
970	507	893	993	965	950
852	494	873	804	662	794
831	463	872	909	760	766
803	469	871	909	796	808
883	463	841	933	867	868
921	474	872	981	966	942
817	479	885	932	827	907
803	466	875	854	771	794
763	467	862	905	739	783
843	521	919	850	695	738
870	518	896	898	830	764
983	534	950	940	777	756
1049	522	969	1069	876	921
602	383	662	718	597	599
611	391	666	643	524	513
638	403	707	701	574	570
822	501	883	885	783	768
914	496	883	927	738	831
570	375	691	651	561	604
981	495	903	1006	989	950
971	489	908	1002	990	942
664	428	761	709	589	702
540	326	612	536	441	462
619	414	815	597	509	580
844	482	883	887	700	746
865	460	865	844	797	868
807	471	872	852	778	781
420	294	519	463	417	452
870	467	854	889	779	834
535	351	699	550	513	502
665	421	697	755	626	636
435	295	528	458	402	461
831	464	872	919	821	864
827	467	864	798	771	816
961	495	919	1016	972	918
380	243	453	375	359	381
1065	549	966	1116	1068	1078
766	567	900	818	531	583
962	513	978	1056	945	969
961	483	882	959	948	917
913	470	882	944	827	889
990	498	935	996	945	957
635	447	740	759	595	646
943	509	950	971	838	907
798	483	891	743	767	769
999	516	933	994	912	963
470	340	525	484	431	439
960	486	894	997	955	926
492	322	605	557	453	467
911	463	867	949	907	872
479	296	586	498	463	497
627	433	716	635	541	654
516	373	623	602	497	529
917	458	860	936	952	863
550	327	678	613	532	532
921	457	889	953	947	906
955	485	896	859	887	901
973	509	923	982	922	931
524	403	667	679	517	617
805	475	881	895	742	782
1022	511	936	1060	915	933
916	494	869	938	839	858
725	397	819	690	641	715
990	515	918	1014	1038	969
510	346	509	612	524	517
661	462	754	783	686	676
997	522	951	974	714	887
405	236	456	426	333	365
727	466	860	851	661	777
895	470	849	925	918	894
847	474	862	891	736	853
999	561	998	1021	842	893
776	513	923	804	645	710
966	493	883	967	917	919
705	461	800	781	553	599
977	565	985	927	667	768
791	518	873	808	696	710
857	525	890	782	714	733
1064	542	955	1070	868	903
942	476	891	980	970	943
1032	532	911	1066	1062	998
1012	523	952	1057	1043	1029
644	387	761	687	622	647
725	480	827	776	675	696
1014	521	906	943	807	882
987	513	920	1054	1019	982
1012	515	906	1006	1018	984
941	503	859	1015	983	923
862	500	911	881	755	820
1012	519	925	964	1054	977
875	542	946	811	644	684
867	579	851	863	611	650
538	423	628	511	388	424
916	499	911	965	743	803
1001	507	905	1009	1028	960
769	481	869	792	644	675
1014	603	1056	1040	716	862
645	414	752	597	548	532
663	487	707	709	488	520
1112	577	1004	1044	785	804
520	293	585	469	359	386
978	552	934	832	662	723
441	302	516	463	364	399
725	413	717	677	616	652
1083	557	994	1040	876	969
960	482	879	983	976	938
667	409	762	660	566	649
952	514	936	986	965	936
618	448	725	705	436	423
827	546	976	775	666	767
780	543	884	788	614	666
995	488	899	1036	1038	984
1021	534	971	1027	1056	990
531	362	662	629	493	452
765	460	832	850	718	739
1107	572	1002	1085	991	1057
1011	517	894	1024	1040	1020
775	486	891	808	654	692
970	503	903	937	929	944
881	515	971	1059	812	854
1085	549	990	997	952	973
1108	587	1066	983	751	830
1113	546	998	1132	1129	1038
972	473	868	989	970	956
1092	565	995	978	887	888
831	484	862	889	747	796
633	353	709	590	567	591
596	432	702	575	456	504
777	444	852	721	584	616
1044	539	957	967	892	931
893	523	977	884	732	726
1069	588	1034	987	743	760
964	558	935	874	724	813
874	531	913	844	603	665
950	511	892	1019	997	943
862	487	849	754	559	576
790	506	820	749	549	565
1082	561	991	1035	967	1074
1016	529	939	1019	885	991
676	449	684	556	453	433
972	550	945	862	681	651
947	498	876	963	977	926
939	497	864	956	876	905
961	582	1040	868	725	750
1391	703	1224	1510	1414	1383
971	567	1019	832	748	788
606	421	660	544	426	460
1010	554	989	940	821	801
841	506	929	878	630	678
888	1009	911	831	705	825
945	998	832	1000	965	957
499	525	519	387	307	327
295	367	338	300	279	319
618	798	749	701	599	592
889	925	885	934	803	923
894	1029	901	987	814	828
986	1022	918	998	784	891
855	900	913	837	711	720
1003	1065	893	1040	1049	992
463	491	488	439	434	444
882	943	890	952	919	904
489	579	599	512	435	491
538	640	633	512	434	427
787	955	901	771	674	701
588	685	644	640	584	593
621	699	643	614	582	621
531	652	604	521	565	541
819	936	903	885	757	828
773	887	856	854	725	870
969	986	893	975	981	932
830	950	864	826	653	700
1027	1049	930	1059	1029	992
996	1049	907	983	845	918
710	804	725	666	565	600
795	946	788	783	648	746
655	736	764	719	586	627
942	986	940	1012	842	794
1043	1062	897	1070	1062	1040
877	966	864	879	811	824
457	540	514	469	446	509
914	973	914	966	959	944
917	939	883	973	918	919
374	431	426	389	384	341
948	983	886	975	949	918
923	1032	957	900	739	783
644	768	793	730	641	690
1067	1087	923	1096	1078	1042
974	1097	995	942	688	819
1007	1028	933	1057	1029	991
1056	1110	1016	1011	992	1057
910	935	885	957	898	885
973	980	839	991	1012	941
483	592	494	490	471	418
744	869	828	761	569	554
294	376	368	313	251	274
503	583	564	575	462	502
542	597	585	598	580	593
477	540	508	444	369	408
828	938	859	927	830	815
379	516	465	447	392	396
775	853	826	832	600	652
901	927	845	926	817	876
918	966	935	854	696	714
920	1001	908	987	922	952
990	1026	929	1053	1023	962
715	790	810	742	647	648
849	946	869	927	872	867
740	832	759	760	652	647
924	940	903	873	844	885
561	613	604	562	442	522
792	900	880	831	679	778
556	659	653	546	595	541
538	695	612	606	534	557
897	933	842	952	890	894
585	626	543	602	520	558
845	949	883	735	692	801
674	798	726	672	572	650
880	972	901	937	873	909
554	761	650	614	577	623
752	799	808	806	653	714
879	932	885	882	789	842
1138	1273	1181	1220	1253	1258
712	860	833	864	657	705
681	756	719	701	624	600
938	973	896	929	953	895
755	934	851	928	818	846
956	1000	908	933	860	924
534	748	672	647	571	550
557	654	713	563	515	585
1005	1038	934	1041	1004	1003
973	979	866	987	977	954
789	925	853	877	716	785
872	974	875	890	918	923
770	915	862	812	761	824
657	912	875	767	646	694
862	924	874	834	789	854
965	992	907	980	977	964
530	687	646	591	609	552
658	721	766	670	612	713
846	961	861	908	848	918
1011	1001	895	1050	1019	977
981	1011	874	1020	1018	958
925	966	872	930	898	900
914	957	858	969	901	902
927	957	859	886	913	895
408	463	478	373	335	373
716	863	818	720	706	702
651	769	742	607	564	585
791	881	883	787	790	824
556	619	591	573	536	540
981	1006	937	997	999	939
632	793	748	636	609	644
981	1035	927	1008	1020	973
887	930	847	863	859	873
853	929	884	838	760	801
644	765	855	668	663	694
274	339	329	381	292	335
992	1005	912	1012	974	971
932	983	905	975	876	956
857	939	861	955	903	891
949	947	861	963	894	903
507	606	560	504	480	536
708	897	773	821	706	758
972	1081	961	1009	788	853
676	799	780	732	630	686
462	553	563	524	488	508
928	935	861	947	847	856
600	710	668	614	570	607
950	924	899	935	912	906
596	754	673	624	567	644
968	1001	896	998	1047	994
788	898	860	843	724	798
384	525	495	471	405	379
327	356	349	368	308	321
698	864	779	813	641	713
776	784	867	809	700	757
955	1020	921	955	782	872
831	948	888	894	679	746
771	884	853	804	592	685
950	947	911	977	962	932
876	964	908	925	861	887
569	707	703	595	519	559
866	938	876	877	794	857
667	831	725	732	692	662
919	968	890	961	938	937
653	817	736	729	682	717
936	997	922	917	838	923
866	963	893	974	895	931
988	1021	931	1032	905	979
408	536	417	448	369	393
488	569	531	460	459	531
937	962	862	944	930	908
992	996	972	892	656	802
995	1019	917	1033	977	966
961	993	903	977	958	944
977	1001	906	1029	978	938
931	958	894	949	909	864
869	925	839	919	881	882
810	939	862	887	819	877
543	655	611	607	486	579
836	934	884	893	794	816
857	933	856	855	860	863
857	940	870	940	900	893
548	675	593	577	546	587
857	912	865	937	887	887
696	864	802	772	597	684
491	661	587	668	483	512
934	974	914	890	853	817
883	943	900	966	787	848
638	827	833	770	641	676
573	714	752	628	597	614
637	684	703	616	588	576
682	779	811	681	622	669
922	984	953	859	631	721
603	756	759	664	589	674
568	644	612	566	476	528
1001	1017	926	1020	973	947
573	704	685	642	537	580
417	476	445	483	467	458
667	702	771	680	665	663
490	585	620	514	495	539
362	481	473	437	397	418
720	881	803	826	722	714
538	679	620	643	506	556
406	498	422	383	353	403
1011	1016	883	1005	1042	974
736	926	860	834	745	740
640	804	747	690	658	682
1021	1055	898	1042	1029	986
545	681	602	577	576	565
806	949	845	853	640	697
920	938	863	933	911	884
493	569	542	557	405	457
603	738	626	647	609	626
750	914	827	801	768	814
1031	1022	880	1031	994	956
870	979	926	935	791	778
883	945	883	985	721	849
472	569	578	507	455	481
321	415	394	424	382	345
878	939	851	933	819	884
941	1018	956	909	852	873
689	754	846	646	565	630
767	844	854	782	647	717
821	936	857	909	770	889
827	911	908	939	919	911
914	971	885	973	933	950
912	1043	993	1055	945	835
908	999	969	886	616	754
767	925	844	783	752	787
1001	1029	952	964	841	953
942	949	834	945	923	902
828	899	873	893	712	775
972	988	910	998	896	886
754	894	881	811	762	813
768	908	893	810	721	835
779	929	858	912	717	783
1003	1024	928	1000	935	919
776	898	847	823	707	757
969	990	879	982	951	954
699	782	760	647	582	619
700	819	834	704	621	665
386	467	435	417	351	350
402	468	420	384	349	375
473	523	529	523	431	462
793	955	855	880	744	756
771	924	887	860	783	783
538	690	625	577	555	515
964	1012	902	996	966	985
1043	1076	972	1105	1106	1076
567	653	676	631	484	495
914	953	877	905	818	883
943	983	859	966	947	915
944	994	904	968	948	943
946	986	879	979	969	946
983	1019	895	1011	987	989
855	949	897	847	787	864
1014	1071	953	1002	837	921
987	1084	980	911	898	860
620	702	664	699	591	610
858	956	906	977	686	742
1122	1127	1009	1148	1163	1127
418	539	513	515	426	452
945	967	869	936	963	941
1030	1032	930	1045	1051	989
1086	1118	962	1108	1113	1078
1041	1111	1002	1052	956	970
996	1028	892	996	1018	968
963	995	880	989	985	947
999	1062	953	1048	989	1039
558	691	602	569	513	529
867	991	918	801	711	775
1021	1050	947	995	876	958
659	811	742	688	493	515
1064	1093	954	1086	1066	1059
1010	1035	913	1041	1000	977
832	1008	918	840	639	673
1050	1105	958	923	795	870
864	929	842	871	772	723
945	967	880	913	926	883
1000	992	890	1006	1013	965
573	667	580	501	404	476
1025	1027	915	1008	1038	968
779	893	849	890	813	845
589	663	614	544	479	485
833	931	871	878	739	785
468	528	563	587	431	426
929	975	885	974	942	937
423	475	491	455	420	446
973	992	899	1022	1001	965
1020	1069	960	1079	1049	1030
440	605	631	518	502	528
977	991	915	967	906	903
416	509	538	539	402	409
762	892	853	830	675	736
568	689	654	604	482	508
1232	1388	1241	1284	957	1052
924	978	838	955	853	883
666	786	766	690	615	706
958	976	894	967	969	932
741	795	754	702	670	709
517	553	569	464	355	409
729	857	843	735	694	707
758	865	879	776	789	816
965	1023	929	992	986	955
986	1019	933	1022	769	786
364	501	385	447	366	380
543	584	560	495	383	403
684	803	772	717	646	616
578	703	667	640	528	572
952	1009	904	999	988	949
914	923	852	925	872	901
888	941	885	918	844	887
922	992	884	937	904	927
989	1020	927	1002	961	995
910	938	892	972	806	856
659	815	795	780	641	690
915	950	903	935	907	925
337	404	422	368	317	331
933	976	869	970	920	922
909	964	896	976	773	845
920	942	863	928	916	886
911	930	889	969	928	898
880	909	830	929	844	867
804	947	908	844	791	831
1056	1089	960	1093	977	1034
893	913	865	933	847	895
951	1006	943	997	944	1001
500	576	529	509	473	480
1033	1166	1106	1205	978	1055
542	703	617	584	559	579
941	1003	996	1083	943	987
874	955	928	885	753	765
474	522	500	500	518	419
825	941	891	867	709	728
451	572	532	514	471	456
879	942	888	889	823	814
867	980	895	983	858	920
870	958	894	918	851	908
947	975	882	988	991	927
842	951	905	937	890	872
849	916	844	785	702	782
964	1011	919	1022	1006	965
778	850	857	779	559	638
1053	1067	948	1076	1088	1013
742	924	828	941	772	831
854	918	868	905	886	872
823	902	849	796	651	694
912	945	854	926	882	861
893	931	872	937	891	806
724	805	777	701	665	627
1018	1043	950	1005	952	962
888	972	922	897	675	685
1045	1053	975	1072	974	1003
411	483	472	416	423	428
856	920	949	901	726	776
883	961	882	865	734	818
1062	1094	968	1109	1106	1053
994	1053	910	1038	1039	998
797	893	872	878	798	825
987	1007	901	994	945	949
388	493	406	381	378	397
955	982	927	987	904	944
817	945	859	872	758	832
839	960	901	903	758	832
1020	1063	966	965	942	985
687	840	801	674	621	630
1248	1313	1180	1290	1187	1156
972	1008	874	1018	1024	978
638	785	770	659	606	733
375	430	440	405	355	390
874	946	899	902	837	866
792	916	830	847	792	770
449	568	550	536	461	458
934	951	896	992	924	919
922	968	875	937	855	880
784	875	882	839	717	786
916	955	848	957	992	920
621	772	688	700	607	636
983	1010	904	1010	1013	957
602	723	652	675	558	587
656	810	736	742	594	683
802	930	866	882	671	794
648	775	771	730	600	679
391	488	423	449	378	428
717	845	791	749	634	724
503	615	593	573	414	435
981	1001	885	1014	1000	956
725	851	856	760	643	697
650	743	739	696	575	564
941	972	905	977	918	929
834	966	900	969	766	780
508	654	594	513	520	521
1003	1011	906	1010	1025	974
713	899	858	758	474	557
770	879	799	732	641	728
510	522	468	617	549	530
504	624	568	596	466	520
505	600	563	533	481	481
721	810	748	783	609	655
732	472	841	783	648	723
991	520	941	1046	1034	1003
842	443	885	924	798	885
1002	520	937	1033	949	936
900	467	848	921	918	872
712	456	812	884	737	781
735	503	840	796	696	701
510	332	569	526	461	524
957	476	899	967	912	949
929	500	947	945	840	893
913	572	901	855	639	747
1133	579	1048	1081	908	1020
765	491	867	808	675	695
993	504	924	899	922	910
1048	542	958	995	999	1010
905	496	902	963	889	890
994	507	891	1054	1040	992
1040	550	950	1056	910	983
941	493	899	954	940	939
764	476	862	722	585	637
1010	508	939	1050	961	1020
1040	512	899	1085	1054	1026
626	422	735	652	470	524
1031	534	930	1061	1060	986
986	526	938	960	808	876
996	540	952	1013	913	965
541	344	633	594	496	562
949	502	883	1013	1020	972
417	262	509	431	342	337
819	569	925	770	567	624
994	507	918	893	806	814
469	327	554	474	367	365
811	470	838	852	739	769
1144	556	992	1191	1188	1112
1099	571	999	1137	1124	1086
492	277	524	421	438	387
697	498	704	721	494	557
685	436	766	695	687	726
562	346	653	595	527	515
1001	505	902	990	1004	945
580	424	681	648	482	502
866	477	880	946	881	874
780	502	771	743	595	575
977	538	1018	920	748	831
635	403	635	668	550	579
690	392	652	659	574	514
1028	524	943	1067	1100	1047
973	500	897	1008	976	936
863	468	843	921	752	871
935	533	985	858	747	801
1008	516	899	1035	1044	994
662	447	745	694	543	575
907	499	894	942	816	836
965	510	930	996	982	955
862	480	896	916	730	772
1042	540	938	1070	1103	1032
1005	513	928	1024	1036	1007
940	526	981	873	723	742
542	316	559	568	376	385
676	415	750	683	561	596
988	515	911	1031	1029	983
769	461	837	781	644	722
862	494	887	969	873	879
696	451	804	729	629	675
944	515	934	1024	1027	995
913	491	882	961	862	858
836	473	874	929	911	908
884	469	889	920	849	924
945	490	848	986	931	943
917	476	843	954	890	893
1073	540	934	1095	1114	1063
777	495	865	792	691	697
794	550	898	861	618	627
945	515	928	990	977	921
873	558	949	934	666	721
1099	544	981	1143	1046	1090
974	521	903	1013	1040	989
740	469	759	710	537	568
975	487	880	1015	1006	922
1012	528	952	1044	1022	1031
693	464	754	697	701	627
995	524	953	970	800	851
1009	537	941	1040	933	964
1008	576	961	917	776	842
717	513	746	674	540	488
1019	526	950	1007	1040	1044
1203	591	1071	1013	777	802
889	576	972	846	655	651
954	496	907	1006	961	947
678	468	810	837	657	757
658	436	742	588	529	584
814	477	927	847	832	851
616	396	660	655	580	579
704	472	843	843	702	699
904	472	850	951	890	933
641	403	715	563	437	535
888	484	892	927	904	926
301	229	362	354	286	319
898	457	860	935	922	897
891	519	957	994	806	820
856	525	934	897	696	686
749	472	835	905	729	759
452	322	578	519	464	510
312	190	377	335	306	308
828	445	888	824	742	760
847	473	896	862	824	888
278	189	310	314	247	273
634	418	812	682	568	672
661	416	669	641	559	606
581	324	689	561	583	578
906	468	875	938	883	937
826	469	849	901	823	870
554	425	664	620	610	569
608	424	683	637	481	546
787	473	858	800	732	806
891	480	858	936	894	892
567	363	682	594	550	564
370	203	439	357	331	347
696	473	838	781	635	674
965	485	922	1003	973	947
825	478	874	876	807	856
916	480	877	956	881	845
607	318	598	653	611	596
523	324	657	559	566	606
845	537	897	863	558	650
406	305	458	463	421	428
1065	516	950	1029	1086	1036
941	497	866	995	976	919
382	284	387	426	382	366
969	488	888	976	959	942
1052	532	927	1093	1101	1049
975	525	958	1011	909	971
684	447	779	673	593	637
947	494	902	972	938	930
648	399	768	657	587	638
1147	572	970	975	984	1031
965	506	894	965	958	970
974	561	1012	1016	868	909
534	356	545	512	472	500
668	416	676	681	513	550
824	479	892	683	581	606
910	511	919	886	807	878
735	474	829	755	715	699
945	502	880	951	911	946
554	362	637	617	542	614
669	424	728	688	627	637
931	476	900	964	929	921
848	500	917	816	650	684
1007	543	933	1005	1011	991
810	551	793	751	589	630
1011	540	1031	838	737	788
1105	574	1023	945	806	832
1018	515	941	1096	980	1016
783	512	868	777	654	763
641	325	617	675	600	634
713	521	891	774	633	631
577	412	613	677	493	549
1052	553	978	1084	841	862
1022	537	948	1010	1090	1048
816	500	908	927	787	838
993	513	922	1019	1004	968
756	487	819	691	527	592
1043	546	949	1072	1039	1027
805	515	869	810	626	689
1052	546	923	1020	1074	1016
1129	575	1015	1136	1043	1052
927	592	1059	907	623	692
577	309	579	534	440	445
954	553	992	975	841	931
801	491	855	709	646	643
666	423	763	745	662	685
1075	545	987	992	755	873
1039	559	939	1049	1006	998
1017	533	952	898	788	866
915	494	904	902	764	838
1018	562	1007	973	840	868
848	490	898	876	751	788
963	496	904	996	921	973
551	363	658	562	489	490
683	404	726	701	563	597
1162	575	1009	1003	973	1051
598	366	657	610	534	491
1045	536	921	1083	1056	1019
587	402	634	518	370	430
1010	520	933	1075	1037	963
568	366	634	554	398	503
1070	566	965	1113	1135	1063
1169	597	1004	1170	1223	1181
1026	574	1026	1022	744	766
922	500	910	946	875	927
1033	523	964	974	961	983
704	564	836	786	537	578
967	547	996	996	729	860
1052	520	947	1086	1060	1005
1035	546	936	1079	1033	1008
1088	547	927	1103	1091	1036
936	496	890	909	826	845
985	529	1006	1047	967	953
789	563	830	813	580	607
1182	596	1071	1071	973	1075
1185	631	1115	1203	1062	995
1077	567	945	1092	1108	1094
941	519	980	889	770	796
559	337	528	484	348	392
905	519	864	891	649	689
1189	611	1046	1208	1228	1158
950	1001	878	1012	988	961
979	989	904	987	926	926
757	914	859	810	765	783
1026	1054	883	1020	960	964
977	968	897	948	854	932
688	827	797	752	589	643
1043	1079	942	958	848	867
716	878	799	791	654	754
834	905	819	839	778	809
778	904	845	856	722	739
984	1045	923	979	948	914
669	756	726	745	743	640
613	755	693	649	567	642
892	984	917	877	794	848
922	963	895	967	885	916
1003	1041	973	970	874	921
825	936	900	843	746	762
779	829	761	814	661	730
755	884	862	832	707	766
1009	1039	946	1001	1027	1019
721	818	759	744	659	705
953	966	856	950	972	938
782	946	870	902	754	867
960	981	911	991	963	911
866	1015	940	901	798	798
618	771	690	622	571	562
554	707	629	574	516	552
935	948	843	951	942	914
662	809	817	755	614	604
408	450	449	411	361	369
700	910	837	764	659	713
889	1000	891	833	791	807
744	856	820	795	718	716
940	969	890	978	973	937
454	490	510	484	420	456
967	974	855	980	978	937
916	949	906	937	827	904
965	982	890	980	937	974
506	608	506	547	503	497
804	937	888	891	762	757
791	962	897	824	780	765
649	695	667	612	549	595
499	580	601	557	505	488
985	1034	919	992	996	941
783	921	827	753	696	692
475	546	541	470	412	411
1019	1015	882	1011	1030	984
780	873	849	750	560	630
1021	1021	933	1026	989	964
720	829	812	778	639	721
416	449	459	443	411	470
862	1044	962	882	722	730
521	652	551	516	400	427
801	927	889	810	658	664
944	943	864	948	839	887
1014	1037	955	1038	1029	1015
956	1091	1055	907	743	811
674	761	715	663	639	643
433	532	534	414	325	358
903	927	850	901	821	844
802	916	875	804	731	792
793	897	861	922	762	794
583	637	585	554	460	493
1001	1014	890	1008	989	977
836	1033	943	1001	819	861
923	980	901	918	767	846
969	1060	957	892	658	746
692	798	742	718	611	603
942	949	861	963	939	921
761	897	876	704	696	810
891	968	899	866	735	682
657	823	729	772	604	646
867	1013	921	894	657	648
708	870	783	796	595	674
794	901	828	829	745	776
913	956	877	939	964	899
642	776	763	687	599	663
586	665	663	596	522	554
763	896	861	768	569	644
757	931	882	784	722	771
662	833	788	753	636	685
633	834	756	764	627	675
602	674	680	636	504	523
705	797	786	702	669	686
519	610	562	472	458	466
425	473	532	467	347	394
473	596	590	520	509	530
674	748	751	695	616	676
845	925	864	939	798	864
927	1006	939	916	827	894
991	976	865	1011	1003	968
929	946	895	960	928	897
544	683	628	677	530	508
874	929	887	915	773	814
992	955	912	1005	982	942
545	654	593	525	546	574
541	692	599	631	596	615
987	1019	884	1006	965	963
947	1013	929	910	904	959
498	659	584	589	522	544
774	951	877	746	745	786
870	881	868	891	676	778
965	984	877	979	986	940
976	1017	910	978	969	948
915	919	880	928	833	939
622	724	769	674	530	508
967	958	893	986	761	869
720	801	786	731	613	689
871	952	871	926	819	939
947	977	865	998	941	921
718	821	813	896	668	693
825	907	861	921	766	834
466	587	572	474	403	474
626	663	685	638	554	646
373	460	388	402	387	374
838	892	859	904	794	865
616	799	773	673	596	596
867	947	897	794	724	777
837	844	810	855	832	821
979	1032	920	1002	918	959
681	803	744	658	665	690
631	761	695	638	625	630
537	585	573	543	489	487
914	952	870	950	933	900
801	929	851	681	620	697
844	955	884	912	782	747
959	994	940	996	804	888
482	508	546	491	449	460
838	925	836	922	781	826
536	636	594	532	523	571
774	971	856	860	721	818
880	915	837	902	861	889
415	525	477	467	374	415
907	938	893	979	807	857
771	905	814	852	737	779
893	943	835	923	897	904
792	936	856	887	798	803
507	660	573	468	488	497
814	911	871	809	713	726
928	974	872	946	924	912
575	673	604	618	503	546
711	837	754	667	628	615
502	653	572	607	402	458
774	940	871	883	824	818
885	943	889	956	888	904
627	812	778	737	483	512
844	928	865	923	807	806
855	947	873	926	754	824
834	896	870	916	739	785
704	866	835	711	632	632
768	889	859	724	537	590
338	456	401	463	371	389
348	439	368	378	365	356
780	885	845	841	737	778
487	621	543	455	465	501
701	882	833	733	611	700
891	952	866	936	833	881
561	675	641	622	505	547
614	663	670	592	475	529
493	582	545	432	382	434
633	848	794	765	553	637
1055	1120	990	976	887	887
1096	1143	958	1142	1134	1107
898	972	888	937	853	903
535	720	604	656	553	557
978	964	896	941	954	933
792	883	850	837	685	765
841	986	944	819	780	887
691	776	727	728	535	590
778	860	867	801	664	731
740	943	811	763	673	697
876	956	866	921	900	860
677	797	795	789	626	652
691	824	792	777	653	686
990	1041	947	908	797	945
575	714	672	634	515	590
970	1007	889	1006	987	932
856	950	883	898	717	815
381	471	453	426	404	347
957	998	882	947	887	903
645	712	810	615	571	639
911	951	832	906	896	885
591	735	655	597	487	531
978	989	880	1014	1004	945
548	716	633	565	526	537
953	1005	895	1004	980	953
710	781	759	708	584	549
948	951	861	980	955	922
931	992	943	886	756	855
988	968	912	975	937	961
927	994	901	958	917	902
727	884	790	714	659	614
956	1015	911	1043	957	962
948	973	855	976	993	922
984	977	882	991	996	951
935	971	941	850	661	761
624	712	661	657	537	615
638	793	695	608	473	491
850	983	870	825	531	573
546	699	701	565	499	529
871	962	868	835	760	804
972	1016	911	1023	939	932
350	440	387	353	344	367
757	889	842	727	577	563
769	915	873	899	699	734
609	702	616	546	446	465
1016	1105	1013	965	744	780
1000	1077	1051	916	709	796
1007	1034	920	984	1045	1020
970	1005	938	1023	1011	958
975	982	893	992	1026	950
1054	1066	951	1060	1068	1029
930	936	893	860	752	731
419	555	476	425	396	450
979	1014	917	1011	1004	952
967	990	925	977	974	940
777	933	874	859	825	821
984	1055	963	1046	1039	1022
994	1007	904	1010	1004	962
717	852	825	677	649	684
634	774	635	585	567	555
842	918	874	902	756	789
898	896	845	936	896	870
965	981	940	891	817	962
603	760	671	586	595	598
809	936	887	810	708	728
924	1004	940	917	735	756
932	1011	909	889	839	932
904	965	893	959	854	928
625	757	719	667	584	615
966	984	890	989	959	946
744	882	793	808	635	707
798	901	838	789	732	726
686	839	808	698	603	635
933	975	852	967	957	923
1052	1081	968	925	925	994
816	900	877	860	793	854
613	795	756	622	559	585
549	642	589	550	515	594
956	991	897	970	947	948
999	1010	915	1022	1008	967
732	911	832	847	703	729
399	481	439	463	404	451
611	737	660	653	557	585
871	918	880	904	811	883
910	961	852	922	826	858
833	925	880	919	840	906
1014	1027	942	1008	982	969
639	821	836	715	554	631
376	420	424	415	350	356
639	798	704	698	574	647
618	801	797	741	581	639
949	995	849	977	902	902
935	985	878	891	734	893
897	945	877	936	872	871
884	931	870	921	832	913
856	957	867	832	768	827
753	905	809	713	712	737
963	956	858	963	956	912
963	972	917	953	743	813
758	933	855	811	761	805
847	943	904	975	725	815
465	560	522	510	488	502
633	779	709	672	585	624
838	926	849	826	797	791
633	714	740	543	568	596
953	996	890	981	956	955
990	1031	902	1020	1012	968
690	817	829	734	642	665
899	933	854	937	816	870
587	683	659	579	502	553
498	590	592	529	451	429
863	923	858	927	923	899
986	1028	962	1000	935	966
641	827	758	826	554	620
924	938	863	956	925	895
741	884	878	711	636	723
991	996	875	985	1018	937
942	960	879	955	973	946
709	883	794	739	568	631
748	937	886	817	764	836
1007	1045	906	1025	1010	961
916	981	968	892	815	824
996	1041	921	1014	1007	961
748	824	825	749	667	674
963	995	905	993	1007	963
777	887	815	805	720	753
747	838	883	757	578	702
952	974	867	947	932	926
651	748	731	649	557	647
362	458	436	458	427	402
877	964	892	955	871	883
939	1054	898	919	780	850
910	952	876	938	773	892
755	852	806	821	658	764
949	949	888	946	890	906
540	627	671	620	476	523
828	941	892	897	713	856
850	944	855	890	818	864
944	935	867	956	971	911
796	922	911	855	799	794
563	646	598	552	501	481
877	958	851	952	870	900
930	956	866	952	838	862
941	976	871	895	849	863
515	603	576	532	483	470
949	957	882	969	952	922
537	588	543	537	494	557
483	555	540	519	453	492
869	925	875	944	821	916
760	870	845	820	736	749
801	887	870	776	635	739
734	902	893	802	673	729
602	730	732	669	548	585
500	559	508	550	404	492
800	915	882	803	700	794
829	932	885	834	790	755
965	1009	902	1016	1011	961
860	946	857	932	832	921
1007	1041	892	1002	975	965
944	968	867	925	847	915
1037	1034	888	1042	1017	965
685	787	766	679	606	659
629	803	692	723	560	578
694	872	779	780	668	750
456	584	577	550	470	485
985	1006	892	1045	995	947
949	986	895	971	967	923
1003	998	900	978	993	966
836	986	916	817	735	852
710	816	835	712	588	678
828	894	866	878	794	853
905	945	875	955	887	855
849	947	868	899	890	889
869	897	865	889	751	787
695	776	788	699	613	658
710	803	821	700	604	650
785	879	824	897	677	736
889	937	888	953	861	872
405	473	444	409	368	425
842	941	865	936	815	843
965	995	912	992	963	941
696	834	787	714	627	668
863	957	882	804	613	681
498	625	632	556	496	529
888	973	891	841	764	841
913	977	896	904	819	943
882	949	937	904	758	821
792	854	818	722	665	681
1020	998	925	1044	999	980
702	797	736	655	538	579
830	864	894	803	676	780
645	803	732	689	560	672
475	493	476	452	434	466
880	1023	899	923	870	916
939	1012	918	980	920	927
438	531	588	521	465	485
1000	1035	941	973	966	948
1027	1039	962	1024	1006	989
954	1017	906	1000	868	859
900	963	901	959	772	851
895	999	913	963	889	867
434	456	456	385	376	430
705	857	800	794	716	705
648	724	766	605	578	602
665	796	736	698	592	587
962	1102	990	970	924	960
925	1002	889	1015	993	938
699	806	794	671	642	665
514	657	658	612	513	494
855	999	911	933	842	925
770	918	873	807	646	647
1011	1048	880	1042	1031	993
1124	1242	1056	1232	1225	1173
515	564	560	497	423	506
721	914	880	817	638	666
462	569	533	575	379	428
773	880	867	875	782	772
632	747	805	642	572	697
986	989	890	1014	984	957
1009	1037	940	1028	1038	967
915	954	877	971	867	907
847	990	905	943	836	826
777	895	847	878	784	779
987	1017	904	1010	1000	957
853	939	852	944	757	833
929	967	869	954	921	916
563	671	680	571	519	614
550	627	597	620	423	470
492	656	561	605	420	519
732	860	818	728	712	739
972	1005	892	999	1013	979
611	754	757	681	639	644
734	855	833	735	656	690
931	969	863	967	959	933
845	891	872	971	893	894
733	923	867	810	670	713
835	952	856	929	824	841
738	900	748	818	677	674
1054	1072	949	1062	973	1029
782	886	851	856	687	716
886	974	897	986	844	894
401	490	464	452	375	395
519	640	653	569	484	577
445	545	500	511	532	456
660	798	769	745	558	656
289	393	423	356	299	340
782	881	849	901	714	796
536	721	616	641	495	557
638	827	776	669	595	689
344	417	347	370	335	368
576	743	657	601	598	601
949	1004	896	985	846	912
865	907	821	899	737	777
799	869	805	843	692	736
498	573	545	589	477	477
815	911	882	890	838	843
474	555	549	503	378	448
763	862	808	780	640	771
868	919	874	824	740	808
885	1002	889	951	835	935
528	654	572	564	549	518
908	920	855	947	880	870
914	1014	907	907	871	825
876	955	869	923	867	911
971	1019	887	1006	999	956
1015	1037	972	985	929	983
825	928	850	883	767	791
582	743	622	667	572	615
926	1014	903	977	953	923
968	935	858	1018	1005	935
848	935	900	946	812	796
380	495	492	437	424	444
974	1001	907	993	906	956
1182	1204	1056	1342	1338	1227
579	694	655	566	562	543
934	972	920	985	937	919
904	996	902	944	865	921
504	560	530	534	362	459
946	954	860	946	907	922
981	990	893	1003	1006	960
978	1004	872	974	996	934
825	928	871	925	821	822
799	994	816	758	564	594
1107	1137	1010	1058	839	907
920	961	883	943	856	915
832	952	866	805	728	791
989	999	912	1006	897	974
972	987	884	964	898	901
701	832	855	662	657	731
938	932	881	968	898	937
677	820	764	763	588	665
525	629	533	639	571	502
938	979	860	981	966	917
498	574	577	484	465	463
844	1000	927	851	705	739
990	974	911	993	984	941
855	914	871	816	686	843
892	970	891	942	806	909
916	939	870	935	889	900
794	865	871	917	642	750
890	949	873	958	909	905
303	365	361	294	300	289
585	688	699	585	546	601
870	962	871	986	793	838
702	807	822	876	672	684
743	823	787	798	614	609
808	981	915	895	727	820
641	692	722	677	631	646
409	516	505	421	404	438
565	725	668	606	563	565
811	891	869	815	687	691
947	976	869	981	963	922
798	851	855	807	738	792
722	846	751	782	654	687
895	979	896	978	865	929
926	1007	940	994	686	763
1197	1235	1075	1078	909	970
919	951	898	972	929	915
813	897	827	791	629	668
943	994	916	929	733	813
962	999	922	994	909	954
679	758	782	745	586	632
795	872	858	823	729	849
856	973	907	826	736	823
945	964	873	981	951	899
424	550	518	458	432	449
926	918	872	906	909	879
429	529	481	427	361	429
824	890	852	884	708	852
664	766	778	679	602	657
897	952	877	950	918	909
953	960	918	883	798	870
487	588	570	487	450	509
670	778	743	688	506	532
1008	1047	934	1031	959	980
981	991	901	997	923	979
617	714	764	538	545	568
227	332	288	282	267	270
650	812	780	642	629	717
544	666	658	590	482	577
613	668	683	560	525	585
911	931	918	945	860	893
900	900	892	931	874	876
864	970	876	889	766	851
751	828	858	758	598	652
699	845	798	699	620	698
924	979	925	992	905	921
316	373	393	415	310	323
634	784	763	723	671	709
1180	1324	1243	1362	992	1095
461	592	550	596	506	533
417	526	431	496	394	356
313	405	338	329	345	383
565	662	709	682	559	575
487	583	554	473	452	465
574	667	649	685	600	607
870	928	885	901	874	857
523	613	613	659	479	526
584	730	716	695	539	540
727	777	781	710	660	683
824	895	854	898	813	855
877	931	877	936	836	884
699	775	812	692	674	696
589	699	631	551	493	527
946	995	876	967	981	927
1020	1057	933	1038	1045	1027
781	803	819	822	670	664
922	980	845	971	938	891
944	978	918	947	868	897
687	782	777	826	629	651
799	916	858	887	768	728
607	772	734	724	640	651
992	1004	893	926	866	918
923	947	871	942	924	904
818	933	846	903	719	780
855	959	895	930	797	852
1064	1126	945	1090	1031	1015
985	1027	940	1015	983	960
925	982	909	984	972	924
961	1042	913	1017	941	962
699	900	802	861	696	756
719	869	838	744	647	719
813	922	881	921	805	885
788	902	841	889	761	836
959	984	866	923	775	870
967	1005	901	1003	948	951
768	838	842	799	652	712
971	1000	933	985	942	950
466	553	486	451	301	360
501	634	630	564	451	497
961	958	905	986	968	933
1043	1073	972	1058	1048	1017
1114	1139	1008	1104	1061	1070
319	420	435	422	303	337
589	722	639	687	544	549
944	972	878	956	936	928
668	837	791	719	669	727
699	864	831	781	675	699
823	883	863	826	727	776
852	914	855	901	713	751
945	991	865	998	973	944
742	931	863	772	786	757
663	765	774	705	607	633
565	772	757	695	560	655
486	585	514	438	532	500
627	766	696	709	584	579
902	916	866	913	839	874
582	705	653	644	584	628
489	625	610	601	456	515
433	555	503	528	437	528
841	943	848	894	772	788
351	477	461	460	366	408
634	749	709	668	553	660
760	887	845	788	670	713
372	496	497	432	386	406
533	653	656	558	487	540
745	930	901	805	753	863
375	512	491	490	411	409
1011	1020	950	1036	1009	1001
859	934	869	911	817	853
715	856	789	739	636	672
940	977	899	965	929	918
481	581	655	602	428	485
796	847	836	794	659	710
1010	1025	922	1034	1001	990
975	976	898	1002	987	951
724	850	793	757	584	611
865	976	942	854	675	788
751	916	870	817	617	730
383	484	425	453	369	406
552	633	635	503	543	610
985	989	932	988	979	956
329	400	357	363	288	320
871	955	872	800	792	835
970	986	892	971	851	853
751	889	858	807	606	706
1187	1271	1117	1022	936	904
527	619	581	534	530	577
590	649	634	612	526	597
872	965	894	952	913	902
878	965	872	912	875	903
835	883	878	852	659	747
832	953	882	891	823	867
838	899	875	834	711	759
834	946	859	931	807	862
751	842	804	764	641	710
903	974	855	972	942	894
563	599	682	594	493	553
961	991	896	996	997	949
533	651	568	532	455	501
444	549	467	468	424	426
710	831	778	720	577	630
470	572	563	553	469	521
803	962	906	834	767	791
543	608	664	523	445	492
855	913	868	955	902	861
814	961	916	845	703	742
650	745	751	631	639	643
712	905	822	780	714	763
1024	1026	964	1042	938	941
521	625	564	552	507	525
545	710	651	585	518	484
290	367	340	344	323	296
479	631	626	528	475	497
889	955	879	967	864	865
941	950	897	982	939	931
567	739	694	637	651	657
973	973	888	992	976	945
786	905	894	862	814	812
391	475	446	409	361	369
899	963	911	872	763	807
892	1010	919	979	798	855
889	1017	904	873	737	747
571	643	640	637	480	469
695	829	825	695	565	606
976	988	909	1004	992	966
887	996	928	863	692	755
681	794	766	691	611	639
862	935	862	936	822	867
803	920	871	862	840	842
449	505	499	434	391	413
777	821	767	808	776	784
951	1069	948	893	788	814
820	940	901	862	837	800
716	903	813	790	569	586
1041	1060	968	1051	1000	1016
1001	1004	892	1000	986	986
673	739	739	690	670	619
1022	1048	928	980	912	994
1035	1053	945	1053	934	973
721	892	825	684	634	712
991	1013	898	1034	1020	982
1164	1155	1043	1048	872	930
891	951	858	935	712	795
406	437	469	439	390	379
601	786	712	655	607	623
725	861	827	778	731	762
727	867	815	740	592	641
676	868	808	697	706	700
733	927	805	791	713	684
1023	1116	1026	955	841	843
1045	1036	930	1037	981	966
703	773	796	662	615	656
981	1026	943	1013	990	976
364	471	380	401	400	346
922	980	883	957	955	949
951	995	897	970	1023	907
973	981	925	922	801	940
1044	1107	972	1071	926	992
698	851	774	715	680	575
974	1026	949	913	809	787
983	1038	937	1000	846	990
1090	1141	1037	1126	1079	1068
809	1024	941	798	718	711
518	735	609	594	561	565
1021	1039	912	1012	973	992
666	783	783	732	512	570
676	847	750	699	575	655
741	934	870	821	725	780
371	500	415	406	432	372
918	957	896	943	891	898
844	969	893	829	718	744
971	994	891	980	925	950
827	937	864	883	801	797
927	1071	946	1066	939	982
837	956	864	934	834	895
1005	1043	926	1031	1046	973
965	972	905	991	987	946
854	962	865	960	838	849
683	810	736	716	649	651
963	1017	921	988	975	953
803	898	866	885	641	742
866	937	873	960	841	913
974	983	869	989	989	931
971	998	906	1001	981	971
915	939	876	945	847	889
562	688	644	560	516	531
1015	1015	914	1013	980	963
714	771	854	754	629	701
486	604	630	562	425	460
810	866	846	909	757	771
940	952	859	945	929	921
910	949	876	945	775	837
770	853	885	858	672	766
945	963	897	983	917	914
888	923	912	818	725	801
843	921	842	928	729	792
770	901	860	813	765	744
599	714	644	657	582	527
753	920	900	841	559	610
986	1029	931	1034	970	982
544	640	679	530	545	567
810	1003	878	902	666	692
977	1026	886	1037	992	959
1032	1064	917	958	1029	992
571	713	580	661	604	605
545	684	614	505	333	345
965	993	918	970	803	888
889	899	884	713	588	607
1028	1059	932	1071	1047	999
1066	1050	946	1071	1056	1005
742	896	902	699	513	587
527	633	570	539	534	483
786	862	781	800	615	643
981	1013	875	995	1008	956
915	1018	940	887	834	832
1028	1031	907	1033	1001	1003
991	1016	912	996	1018	963
870	959	952	830	643	743
436	585	472	460	442	479
765	884	785	881	669	742
975	1031	911	994	977	948
956	969	874	953	969	918
1051	1089	955	1075	1099	1045
1056	1079	957	964	1066	1015
1065	1071	959	1088	1012	1068
1050	1193	1064	1054	1026	1005
966	1072	979	870	575	657
1003	1029	934	995	1044	966
763	887	791	841	646	707
750	839	835	748	620	691
956	1004	914	993	885	958
847	916	898	878	732	838
1126	1155	1238	1104	943	956
703	823	818	777	719	678
876	925	889	908	853	850
976	1016	901	972	1022	949
648	674	642	605	481	538
438	521	500	520	384	432
987	999	897	1012	993	942
758	917	876	887	777	849
713	850	805	729	643	744
1092	1086	964	1031	887	938
702	871	812	706	645	685
638	754	779	740	648	688
435	527	552	520	422	499
563	653	622	526	484	454
791	919	845	806	627	762
476	586	560	533	410	528
408	516	470	450	415	434
629	796	782	710	629	666
912	933	867	940	933	892
857	957	932	884	722	749
496	581	564	543	480	465
765	890	841	774	733	829
988	1000	902	1011	1003	943
817	920	819	889	757	735
587	715	665	595	429	505
445	530	517	408	396	400
612	768	702	655	617	591
959	983	914	988	965	942
790	904	798	887	714	772
968	959	907	976	994	945
940	966	877	983	958	908
847	942	874	921	781	763
665	759	811	695	594	632
755	880	865	856	729	691
972	984	943	974	707	885
820	947	871	921	755	828
990	1027	942	1050	1030	991
690	807	780	773	607	673
651	774	844	663	690	730
822	912	848	850	798	869
959	996	897	993	897	940
957	980	922	979	971	929
975	1030	907	991	912	914
798	940	875	800	760	819
466	575	533	576	498	498
866	950	860	925	836	879
1102	1185	999	934	925	878
964	981	901	977	939	891
629	731	687	678	534	588
903	1013	912	937	859	901
912	952	848	949	911	904
920	976	869	969	915	934
904	1028	937	897	734	780
878	966	915	962	815	886
859	873	885	895	678	793
793	922	887	797	586	681
695	755	778	684	613	586
696	790	783	758	525	586
789	895	906	911	789	793
393	466	462	366	335	347
855	934	874	826	748	756
368	412	475	407	360	408
952	980	872	985	983	980
694	766	761	702	579	610
798	868	857	764	670	720
484	586	557	515	425	454
970	961	910	992	981	940
653	780	732	677	612	676
827	1002	940	906	748	758
894	977	914	985	808	802
915	1066	957	1008	902	939
1016	1062	967	1046	967	1019
443	532	498	456	417	448
1009	1040	975	904	911	969
840	961	885	946	827	880
969	1021	885	1004	782	819
766	918	897	768	692	730
404	505	500	436	419	406
934	1058	966	1050	900	939
951	953	866	959	958	923
553	632	563	528	486	560
1067	1026	936	1049	1028	1002
970	1015	878	1006	997	970
713	745	769	710	560	581
793	930	840	889	811	833
919	958	908	962	809	915
968	996	908	1015	993	966
634	717	607	624	573	587
554	636	629	544	490	452
522	641	574	547	498	536
1042	1054	969	909	855	900
561	604	607	519	425	498
793	969	895	924	771	875
985	996	935	1009	986	942
995	1088	1010	1046	896	899
832	951	860	869	810	832
947	952	874	917	858	881
815	926	917	840	759	768
647	734	702	645	607	649
829	912	860	897	908	867
632	756	712	620	616	628
676	779	759	609	548	590
906	932	879	952	821	847
357	388	395	395	326	398
950	981	877	983	944	929
1061	1075	988	1117	1046	1051
820	912	845	892	739	812
835	902	850	881	749	797
688	829	794	789	632	695
539	627	620	595	551	567
893	1025	934	981	851	935
532	640	626	633	467	522
568	677	693	740	523	554
967	983	897	1009	953	930
490	588	519	505	457	493
678	823	742	673	639	632
856	958	897	932	829	803
987	1002	940	975	981	957
825	956	894	842	783	895
655	781	870	725	559	598
427	499	472	482	413	485
906	917	845	913	858	923
806	910	847	880	800	892
406	458	483	425	392	426
764	824	734	721	675	686
356	446	433	425	358	406
921	953	855	934	926	896
383	402	430	371	322	348
922	973	907	1016	924	940
752	957	937	845	715	743
855	933	850	932	932	903
603	736	701	580	553	522
650	788	756	712	618	654
868	949	864	896	817	890
817	931	896	928	858	837
1122	1145	995	1154	1108	1085
403	462	424	514	397	425
991	1014	894	981	945	959
906	973	873	949	814	915
618	763	690	726	639	672
668	816	740	697	628	652
873	946	871	893	880	884
1027	1068	949	1023	1080	1044
952	979	903	982	980	902
848	950	928	842	730	733
620	720	726	671	456	483
640	789	703	745	591	675
553	733	577	679	486	521
461	524	473	514	403	426
580	711	664	606	602	598
513	578	610	561	476	496
856	921	843	926	860	882
936	972	893	942	901	914
784	894	795	841	587	655
968	981	895	985	982	968
836	913	855	907	825	821
822	929	867	908	791	839
949	967	903	973	890	929
829	956	892	936	859	812
630	756	644	653	549	644
590	703	705	564	449	523
610	686	699	640	568	605
490	596	560	508	455	480
557	648	627	623	515	528
836	909	853	820	766	822
863	920	884	898	875	877
557	735	687	696	504	554
850	941	871	885	814	834
458	612	626	489	520	476
675	891	810	716	665	635
561	664	679	704	481	534
960	965	854	971	955	914
705	849	808	766	654	671
908	963	837	922	837	880
521	593	539	503	452	534
852	896	861	933	806	780
879	950	901	931	834	851
985	1013	925	1018	916	976
712	867	748	776	666	665
970	1007	905	972	985	928
620	695	707	628	558	656
871	952	910	917	720	773
454	547	506	498	414	479
590	662	614	678	537	586
653	745	733	744	643	660
1010	991	882	976	890	899
690	820	696	699	595	607
496	643	571	600	433	553
935	978	892	949	903	928
831	929	868	885	802	780
780	911	853	861	711	761
680	832	745	709	666	666
782	888	826	869	718	739
758	869	862	850	636	715
756	942	985	849	599	606
1019	1062	957	1043	1053	987
553	702	650	605	529	531
767	944	887	848	780	776
823	985	907	929	735	778
983	994	895	1033	1023	990
643	816	811	750	587	597
961	929	871	943	935	907
590	630	652	566	496	580
639	659	645	562	509	590
977	963	896	896	886	864
956	970	904	859	892	903
432	556	575	512	398	490
977	1088	957	968	969	982
396	452	435	452	346	406
786	939	868	896	623	710
586	622	590	551	469	481
1034	1105	988	981	795	862
926	963	896	973	943	928
477	634	519	543	503	452
655	840	773	679	689	787
922	955	871	948	880	909
948	951	924	859	701	727
812	914	857	850	758	814
1060	1043	941	1097	1022	1024
984	1029	867	1017	1036	980
997	1020	915	1018	1015	952
537	676	697	651	525	564
887	998	930	918	721	776
758	845	881	843	633	712
792	901	809	802	686	702
993	1030	930	1042	999	985
1004	1053	921	975	979	997
974	975	883	986	939	942
707	820	742	648	683	645
953	998	915	994	970	954
586	726	627	624	529	527
848	934	868	953	840	871
535	646	595	586	579	588
721	853	749	751	685	684
633	817	708	699	607	677
707	819	761	658	605	581
864	957	872	927	792	861
832	948	882	775	706	799
880	970	904	898	895	881
884	928	825	936	709	700
842	975	889	797	595	627
691	755	778	622	592	645
1029	1055	916	1040	1042	1036
929	1015	944	909	755	821
812	949	942	735	601	737
1035	1069	928	1028	1056	992
808	900	911	797	618	619
993	1061	963	872	663	721
992	1035	923	1007	926	931
948	1045	920	866	761	820
802	923	901	897	853	785
835	940	867	833	733	830
860	959	909	919	710	812
918	952	901	972	824	898
972	1005	907	997	983	1001
616	724	675	610	555	604
891	961	890	917	866	892
892	943	863	935	832	883
781	899	914	796	655	798
994	1060	947	898	737	842
731	780	749	641	579	610
401	471	430	426	422	431
996	1016	892	1026	1015	987
1000	1032	949	1003	930	948
937	970	892	966	923	937
946	1013	952	1010	951	960
868	964	886	904	780	869
834	933	846	849	714	805
902	941	854	947	912	883
918	958	889	967	948	869
667	745	691	679	638	615
1064	1095	974	1079	1087	1036
627	751	654	594	464	529
941	1014	956	947	755	847
1097	1117	951	1122	1135	1099
322	399	351	308	260	271
820	897	879	771	640	749
1050	1149	1071	968	753	757
902	993	916	816	643	706
1003	1085	986	950	829	873
876	948	875	888	865	901
948	985	930	965	897	935
1020	1105	996	1037	954	948
573	643	563	545	581	559
924	974	904	995	775	824
884	964	873	864	709	757
1065	1097	969	1035	984	1007
957	994	891	997	961	952
613	816	694	726	633	671
857	932	862	855	726	841
756	850	812	796	691	665
1042	1356	1137	1249	981	974
951	1047	951	886	795	809
1021	1072	959	1062	1051	1012
895	974	914	942	804	899
891	1011	886	892	767	830
829	947	843	692	539	585
978	1005	868	1012	993	948
613	732	706	615	569	567
502	667	617	562	513	530
734	868	839	804	629	681
729	840	766	725	642	702
920	942	883	947	917	927
409	484	483	425	353	372
783	905	877	784	729	782
1011	1028	884	1043	1039	980
836	922	861	909	872	907
881	897	866	918	815	800
914	989	861	966	957	905
938	972	864	954	930	940
915	968	900	932	869	911
823	951	879	891	795	793
971	983	920	1019	952	954
812	929	879	943	685	815
961	980	884	969	962	924
1025	1054	940	1040	985	992
997	1022	930	1010	999	987
502	639	588	576	533	534
372	432	410	396	409	341
472	577	506	492	457	453
282	362	303	336	248	302
580	774	722	647	504	555
948	963	873	928	856	911
1013	1009	908	1014	999	968
725	908	873	806	688	715
903	925	916	832	642	709
875	945	892	946	795	788
514	649	644	595	492	531
873	939	833	884	771	861
950	1024	875	961	930	899
984	1011	882	1000	997	976
939	939	863	948	906	893
997	1041	946	1056	926	1017
1087	1163	982	1109	1142	1123
953	942	890	962	941	929
956	962	910	1007	992	950
778	895	894	736	612	615
894	969	870	842	757	786
756	820	833	839	678	660
960	1006	899	912	874	867
881	950	884	979	896	911
757	826	814	736	607	608
1035	1102	974	955	904	945
636	631	684	607	478	557
1008	1016	949	1031	1024	1014
531	612	601	595	544	525
928	946	886	962	907	892
994	1029	874	990	1019	956
634	703	697	653	558	589
1015	1014	901	1019	1011	985
908	924	837	935	927	911
919	952	842	925	938	909
916	926	869	932	942	909
1008	1066	919	1057	962	963
936	949	868	944	865	908
893	945	860	939	888	891
918	950	900	955	938	940
970	1000	865	973	969	939
950	985	874	1009	979	941
976	1057	948	948	879	952
897	1010	940	961	812	877
627	794	692	690	599	613
431	544	515	468	406	441
442	593	521	498	423	487
998	1035	918	1042	1026	962
991	1065	1038	971	756	882
574	714	667	674	639	584
783	867	870	815	715	747
931	942	857	925	886	904
376	482	430	373	376	384
927	953	897	977	915	915
894	999	948	1019	870	872
872	977	916	966	910	907
978	982	917	995	841	829
509	593	576	581	516	529
746	843	854	781	635	684
791	881	846	731	710	751
533	612	608	552	578	556
666	776	690	682	637	662
522	581	597	557	472	501
715	880	751	758	635	701
862	973	906	865	874	907
408	472	482	434	374	408
603	638	659	596	510	509
855	954	898	863	754	752
694	857	808	730	638	711
375	431	403	429	384	408
948	985	898	979	942	931
467	535	522	457	461	477
814	966	868	884	774	852
643	758	693	692	589	635
921	980	892	980	884	913
531	686	588	570	516	595
788	878	855	789	715	776
774	870	867	863	684	764
789	871	827	868	709	776
339	460	438	404	372	368
492	614	601	561	505	531
881	948	892	933	811	883
735	867	851	758	642	665
724	905	825	794	698	762
1045	1034	917	1021	1034	980
439	526	566	531	456	455
479	576	519	442	414	414
677	826	746	681	595	585
438	479	537	452	439	472
669	852	809	777	596	697
871	927	853	934	837	885
874	952	915	858	692	721
426	483	505	492	402	432
509	629	604	539	501	487
652	748	734	653	590	600
953	1030	944	1014	853	948
651	817	800	732	585	698
545	612	574	568	489	498
732	845	793	760	734	788
897	984	890	952	899	936
837	916	872	906	810	822
954	978	846	974	951	917
640	809	774	721	578	564
947	992	879	937	848	896
609	663	693	749	537	578
437	503	474	430	411	398
707	748	737	662	682	649
975	987	898	964	815	923
870	932	868	945	924	878
488	549	547	521	464	462
831	923	835	857	766	834
876	998	878	874	744	809
785	923	861	879	719	814
1045	1038	958	1042	903	983
597	739	669	575	539	563
799	897	840	895	824	859
766	854	808	792	647	710
898	976	875	968	838	881
728	837	827	864	710	666
335	383	391	401	265	336
751	916	854	872	866	850
814	938	865	886	858	851
990	1014	925	999	978	954
843	872	861	881	721	791
717	871	786	772	667	697
847	911	890	920	724	783
951	960	849	950	942	917
518	686	545	521	534	517
590	750	689	630	608	625
597	734	642	607	545	631
954	969	891	981	918	923
615	739	732	666	602	664
881	969	928	957	898	943
980	995	869	1008	975	965
508	621	609	558	486	535
770	877	840	766	720	731
695	788	752	733	630	679
843	944	875	922	879	909
324	433	345	330	317	306
764	952	847	772	716	810
577	731	740	661	552	613
981	1013	912	1011	1003	958
1125	1183	1061	990	819	866
885	1006	918	977	818	894
921	1049	867	846	660	644
532	615	654	567	454	481
803	926	890	828	778	808
888	1021	932	922	779	902
816	865	805	925	657	723
1033	1063	881	1051	1059	1011
946	1004	887	987	818	894
613	776	694	648	585	598
585	701	646	523	441	568
530	633	630	556	494	554
1005	1019	920	1022	973	960
785	956	884	739	716	759
785	980	907	880	594	686
927	968	911	877	889	895
825	896	864	899	715	779
642	750	770	749	628	631
803	890	918	709	647	723
603	764	671	664	527	566
966	1026	904	989	999	956
816	957	883	841	743	834
341	459	414	353	342	379
573	697	662	538	528	558
834	930	844	860	791	794
949	983	866	1007	994	975
620	751	715	630	539	558
818	920	832	887	674	737
820	931	885	784	651	760
600	711	663	554	547	569
1043	1104	936	1065	1103	1045
952	1007	1003	863	689	706
1010	1063	940	1022	983	997
814	1012	852	775	632	653
614	677	689	566	580	554
761	970	807	807	743	704
1038	1065	921	1055	1099	1020
1131	1181	1039	1035	880	950
901	981	866	922	841	902
416	518	448	409	345	381
983	1027	900	1018	1018	967
992	1020	926	1015	1019	978
379	426	403	410	397	366
915	949	863	934	945	885
1065	1056	989	1097	987	1036
787	972	922	871	734	741
1001	1086	984	1058	904	1016
865	948	884	951	778	729
1067	1103	976	1074	1044	1044
1068	1103	979	1099	1088	1047
1146	1168	1055	1084	861	920
890	982	904	859	637	675
402	533	514	409	371	373
388	545	460	505	437	479
482	602	559	460	463	455
536	664	606	529	431	544
976	1022	901	949	884	880
1200	1247	1052	1248	1255	1167
1195	1192	1047	1202	1153	1169
381	455	400	444	364	430
627	815	736	677	552	617
440	592	456	544	356	431
930	949	889	937	832	913
795	879	854	806	769	731
973	986	892	971	932	943
391	448	380	415	362	312
622	791	753	702	553	582
469	522	450	467	415	354
988	1044	915	1042	1033	970
847	1040	907	817	734	737
678	743	739	674	549	600
591	649	662	575	460	474
817	941	874	893	805	850
332	383	425	373	355	374
954	1113	1010	1037	821	832
476	605	565	525	468	484
920	1034	930	997	900	865
885	908	858	919	887	862
1115	1153	995	1038	1079	1071
1087	1077	989	1094	938	1056
964	987	907	1004	1001	998
436	504	475	446	398	434
793	960	884	808	739	739
739	891	836	741	713	704
1055	1086	933	1048	1031	1051
845	969	921	994	744	856
944	980	876	976	938	927
921	964	861	929	882	914
586	684	639	625	512	598
441	526	458	516	403	417
456	538	465	489	439	452
853	925	859	832	669	754
478	531	497	488	447	415
976	1012	879	1011	1002	933
1086	1144	978	1096	1063	1070
986	1125	1015	914	828	840
1054	1178	1048	1014	851	946
870	998	938	870	560	618
1037	1032	908	1044	1083	1020
860	967	906	873	612	702
776	892	873	663	646	647
787	926	878	834	780	780
1065	1079	955	1110	1124	1066
1000	1025	939	979	930	940
954	1000	915	987	943	944
683	732	770	738	530	619
475	568	479	479	487	485
681	820	781	739	622	627
860	980	877	733	751	742
821	915	879	889	885	858
846	944	877	892	743	815
1049	1049	963	1078	1060	1044
932	1006	892	933	856	844
820	856	751	694	536	587
361	446	390	393	381	366
1019	1044	931	1007	886	994
1011	1041	907	988	941	975
702	806	788	751	615	712
721	885	832	738	632	720
914	938	881	926	884	874
860	927	860	911	861	846
390	479	409	437	392	407
998	996	920	1014	1007	958
959	966	938	984	973	941
976	1046	973	875	738	827
571	732	719	671	583	593
619	686	655	663	582	549
823	882	827	788	717	806
902	999	904	977	883	898
894	928	882	835	736	808
982	1006	911	991	965	950
932	996	921	941	580	717
973	1019	950	994	997	965
688	791	772	700	618	660
982	1047	927	968	805	920
813	822	735	784	741	734
951	964	876	971	958	934
772	876	935	897	627	638
956	998	897	983	963	948
1111	1184	1114	1138	1004	1053
977	1021	878	1015	1024	949
802	919	878	847	712	772
1005	1058	947	896	742	850
818	819	800	796	627	674
763	887	829	836	683	662
775	851	858	728	607	702
1015	1033	920	1029	974	1003
802	838	776	730	639	750
626	728	752	612	489	570
623	732	707	712	581	595
520	574	489	502	461	473
916	930	861	961	907	892
872	987	910	936	754	850
839	964	862	855	749	799
945	958	857	847	778	839
985	1163	1042	1122	893	926
569	765	671	623	555	548
417	485	475	498	382	381
923	960	855	939	834	853
318	351	336	372	316	337
697	837	861	704	699	648
664	791	826	849	727	719
915	965	846	933	929	893
747	916	824	795	720	727
306	370	403	353	253	286
838	906	921	857	630	740
483	590	620	614	504	540
344	383	378	346	303	343
1031	1058	962	995	888	974
440	564	531	509	460	488
856	986	902	935	737	757
737	837	796	753	679	760
499	664	569	559	505	522
622	722	660	629	612	582
931	941	884	958	925	919
981	1009	893	997	916	910
517	604	565	543	472	474
857	949	853	921	801	805
771	881	840	844	670	758
585	662	630	577	523	557
848	890	846	883	736	754
848	977	905	979	885	891
550	711	665	567	542	588
845	875	906	880	696	713
957	977	888	974	986	947
946	1004	865	951	926	915
449	516	507	451	429	422
998	1033	937	1037	1039	975
744	804	761	685	529	624
667	783	790	740	557	604
753	844	806	839	667	722
978	1002	892	1069	1047	953
779	834	825	752	671	758
802	939	848	828	708	752
671	809	806	669	595	641
664	926	758	727	583	612
946	1000	927	979	853	928
883	968	882	927	788	871
843	950	879	872	773	821
762	856	843	912	692	728
776	906	862	786	677	690
1059	1213	1170	1192	897	952
962	986	913	973	874	933
487	583	565	504	490	500
886	935	878	954	876	840
466	563	550	457	442	503
771	830	801	888	647	761
671	769	679	655	596	693
546	656	626	621	526	556
673	809	746	708	652	620
274	380	358	368	339	346
798	885	841	821	694	724
959	974	884	992	974	974
443	546	536	542	438	435
923	981	889	944	883	901
375	473	467	426	368	375
814	918	864	866	816	836
447	542	501	546	385	444
673	776	770	753	674	719
469	619	577	518	481	494
861	924	877	911	811	808
689	771	696	701	585	636
521	588	615	558	487	536
650	791	756	784	542	573
833	942	864	916	788	856
955	975	918	990	943	946
524	639	599	583	545	548
326	430	334	327	328	362
868	927	878	935	787	790
832	931	872	867	776	823
1002	1002	881	1023	1015	990
966	1006	931	960	904	952
768	807	779	790	609	640
947	964	897	958	954	914
790	965	893	832	720	772
985	1005	904	1037	998	967
968	994	915	996	1000	944
802	930	883	774	707	734
606	708	627	575	526	572
687	866	837	766	661	676
903	1019	939	922	777	744
700	849	835	694	708	755
731	849	773	685	608	635
829	925	861	939	821	855
947	1036	947	962	890	923
877	951	919	862	734	793
1022	1065	936	1061	967	1020
955	984	879	891	846	942
952	991	889	983	917	937
927	928	876	925	935	916
954	982	865	1011	961	923
754	958	922	741	510	659
469	613	589	542	405	489
420	563	548	543	422	447
810	944	871	917	770	814
788	922	871	859	719	784
450	535	528	471	415	463
1066	1071	983	1043	1000	1033
745	893	829	735	666	722
968	1012	921	935	822	865
759	902	800	712	613	719
968	1149	1024	911	788	847
1002	1053	925	1024	1019	1009
1111	1141	966	984	925	911
945	1106	1007	1029	893	789
1060	1075	958	1042	997	1044
967	1056	1020	883	636	678
927	972	903	944	957	898
1012	1048	967	983	864	921
602	682	741	596	543	584
564	672	692	649	555	591
921	990	904	935	832	854
331	394	398	425	366	326
456	617	640	557	509	534
524	649	626	577	452	507
894	999	902	927	797	845
619	752	701	623	609	569
762	911	838	853	710	716
479	596	615	498	426	386
414	580	533	494	410	457
674	814	796	670	501	562
739	919	788	778	664	650
687	860	800	746	661	696
834	865	812	796	668	760
654	774	783	633	614	635
469	546	520	449	375	414
857	966	884	866	807	800
986	1006	916	994	982	977
986	1031	949	937	795	827
1013	1019	954	991	927	962
802	920	859	866	762	802
623	721	740	626	596	588
571	683	634	558	517	560
920	957	866	965	956	915
829	978	924	795	597	675
913	970	897	967	940	926
907	970	871	945	884	898
666	775	811	641	447	507
792	885	933	798	564	625
874	936	884	962	848	883
818	920	869	906	735	833
922	960	905	898	781	881
999	1051	895	1039	1020	980
733	856	839	705	687	720
1001	1020	924	994	960	978
854	994	903	958	856	931
663	798	805	678	659	664
737	819	771	741	692	607
962	968	893	967	971	908
920	952	902	967	916	900
738	809	850	759	641	681
383	562	509	514	449	511
354	420	426	369	351	368
825	941	846	903	892	901
804	905	840	908	814	865
902	921	907	830	783	792
598	753	707	605	540	573
680	795	801	821	589	627
995	1020	907	1003	1041	994
727	868	842	856	780	744
919	941	830	941	828	873
1032	1057	955	1074	1038	1048
616	696	706	679	557	577
392	420	415	377	410	385
622	753	751	719	626	617
499	629	592	518	497	486
639	725	750	688	531	569
933	957	901	979	957	927
1026	1065	933	1054	1039	1017
953	986	915	1014	960	954
827	1040	901	867	681	723
1058	1038	983	966	862	941
752	853	826	824	688	708
776	925	860	870	715	793
575	759	679	655	553	612
512	600	562	553	510	498
796	886	854	876	713	779
567	632	576	544	574	598
439	575	549	515	449	442
552	668	645	634	511	476
974	1137	1113	974	720	751
865	939	883	936	754	778
680	859	806	782	635	701
709	802	830	702	623	646
535	758	598	604	581	517
675	752	674	691	635	630
697	888	789	665	529	589
875	954	912	885	723	817
894	965	908	951	912	957
592	757	647	597	623	640
859	943	864	878	837	842
507	613	546	547	518	508
804	844	859	868	679	688
1013	1069	947	944	797	899
676	788	782	676	608	619
737	864	815	817	627	689
864	995	928	958	824	842
876	929	836	897	725	833
1039	1046	947	1050	998	998
652	782	726	735	628	677
613	721	695	722	570	544
1022	1044	909	1053	1095	1014
940	957	875	952	856	895
886	925	861	936	823	848
873	931	862	896	862	862
813	919	865	829	679	778
1034	1072	956	1074	894	1024
1055	1075	913	1033	997	1008
831	929	906	909	724	781
792	901	867	832	803	829
675	796	779	685	584	638
706	882	830	892	658	746
475	571	565	496	435	467
924	963	865	902	754	850
856	906	872	919	821	881
939	982	899	970	941	938
728	869	811	739	588	677
970	1005	910	981	795	861
458	509	463	450	408	442
946	994	909	986	964	928
397	499	444	408	366	379
952	984	868	958	957	931
608	674	695	629	553	572
536	575	546	500	391	436
1039	1094	1032	1171	1118	1033
973	969	891	973	956	926
896	927	865	945	898	874
912	937	884	945	883	885
461	539	519	491	455	464
753	883	851	777	735	820
464	521	491	484	434	440
1008	1020	909	1021	1012	982
703	890	818	804	692	719
951	972	885	968	961	923
943	981	875	965	904	933
535	652	606	640	431	526
977	1006	923	984	966	945
500	617	626	589	510	554
585	667	669	680	561	569
799	884	811	846	640	722
795	945	844	874	746	787
438	505	485	430	384	400
373	426	445	440	319	333
609	703	759	624	584	619
975	993	891	984	956	975
942	1042	1002	987	728	824
904	934	876	966	904	931
452	549	563	471	378	414
944	965	866	958	936	915
493	648	663	539	558	506
989	1020	917	1012	1006	976
525	650	647	629	464	440
945	971	876	974	951	931
942	1011	917	973	824	936
995	1048	914	954	954	959
695	856	776	754	709	735
935	953	835	974	899	859
735	848	781	800	712	668
822	889	859	788	691	760
849	936	856	884	764	868
676	804	795	681	653	717
494	598	555	484	430	540
879	944	887	933	713	846
808	873	853	922	645	731
960	1019	891	1009	985	936
914	981	917	961	867	897
721	826	794	726	702	732
799	913	890	833	735	750
539	619	608	588	536	572
761	909	858	844	775	847
545	668	660	570	496	541
913	975	890	883	914	929
705	760	786	685	632	624
1004	1030	933	1028	1051	1005
861	945	864	941	930	880
847	933	880	920	870	905
888	967	916	959	826	847
886	973	905	938	904	934
832	972	894	840	747	831
1017	1039	964	1025	986	972
684	845	800	773	637	680
845	952	857	943	823	855
947	973	875	963	982	938
1016	1032	942	1002	1014	997
975	1005	886	972	983	947
396	416	382	379	357	342
972	982	900	980	924	926
1195	1194	1009	1166	1223	1178
934	1013	882	872	954	947
460	558	494	531	460	433
970	975	891	963	949	920
893	973	899	978	933	892
716	817	804	746	552	638
636	758	734	789	565	556
429	533	458	430	389	420
735	905	881	734	656	679
968	974	883	978	982	940
966	1082	969	1024	927	987
679	840	780	748	667	643
818	935	876	890	796	840
620	732	694	641	562	613
565	657	674	591	524	534
932	990	901	977	981	934
629	738	748	728	544	642
383	434	385	423	336	377
923	970	877	942	936	918
751	926	790	750	672	741
753	907	856	840	714	783
995	1038	923	1029	936	964
949	943	881	956	952	919
983	1040	924	982	983	969
864	938	845	879	831	831
952	987	878	984	961	954
984	1029	898	1032	1008	980
430	520	481	459	411	387
1013	1040	890	1036	1039	1009
881	944	863	966	868	913
1007	1034	924	1012	1025	981
836	875	944	804	587	650
908	977	897	964	930	904
842	953	905	889	784	829
774	904	853	839	602	634
649	709	691	607	553	571
569	726	698	638	453	510
935	984	909	964	870	923
874	963	872	835	818	910
880	947	857	929	886	894
959	1019	900	1012	865	851
669	731	755	638	575	590
422	563	473	518	418	469
866	923	864	932	866	892
571	708	627	551	549	511
938	997	918	970	735	814
869	965	893	891	741	860
847	890	777	736	585	610
609	664	653	535	449	489
574	678	653	578	530	569
819	941	910	838	837	875
965	993	951	1019	881	948
942	963	896	978	985	922
1021	1035	901	1054	1014	989
923	1017	890	952	843	879
941	967	861	945	956	915
1054	1072	988	1023	922	911
992	1130	993	985	787	878
1161	1149	995	1026	912	991
883	977	853	908	709	676
1109	1105	946	1086	1097	1061
1025	1089	952	962	864	863
1077	1115	912	1083	1099	1018
1176	1218	1024	1078	1006	1025
1009	1043	937	1019	927	930
1059	1093	985	1048	1059	1066
1044	1063	923	1008	918	1010
554	721	679	624	433	469
1279	1293	1126	1284	1175	1152
1022	1037	923	1055	1063	1004
831	973	875	808	608	617
596	729	630	456	406	414
1133	1171	1014	1020	1028	1064
483	543	511	494	456	513
686	833	802	751	586	645
1122	1118	991	1141	1120	1063
957	1011	946	821	636	697
775	857	839	849	679	727
833	929	862	875	805	883
971	981	899	943	897	948
799	871	845	850	691	773
1011	1080	957	1021	1022	972
958	1003	939	1004	719	774
590	672	620	614	536	527
855	917	848	867	822	869
560	678	679	592	526	576
911	985	903	911	646	766
968	1009	921	1008	978	965
831	947	875	805	768	739
439	548	472	474	375	422
381	465	533	441	411	414
786	898	859	860	764	835
760	884	854	768	718	764
747	846	843	765	621	754
812	901	857	839	804	890
503	628	591	548	490	491
886	965	902	940	799	905
607	715	702	694	615	617
882	940	839	926	927	907
785	845	834	812	683	771
758	863	826	759	695	740
671	776	761	732	717	682
638	779	727	637	601	621
574	680	688	592	545	547
532	617	570	536	445	470
953	980	849	982	968	956
957	982	913	915	916	948
682	775	690	730	565	592
460	511	509	456	375	433
799	945	973	862	652	668
660	731	736	714	596	584
835	945	909	873	719	718
967	1025	924	1015	958	977
787	893	743	700	646	707
513	600	545	500	491	471
775	912	850	777	749	735
787	900	891	865	766	797
1028	1052	927	1045	1039	976
969	977	879	973	977	934
914	957	885	954	899	878
674	846	772	677	540	581
565	670	657	585	501	594
559	653	635	535	474	531
722	835	849	637	647	713
689	789	765	731	498	581
994	1024	893	1014	1046	968
985	1009	886	977	992	974
373	457	475	427	356	432
832	947	921	835	761	845
954	961	879	965	941	938
794	942	828	841	743	777
751	924	845	861	668	665
935	988	929	964	962	961
463	475	559	448	422	408
862	942	855	928	753	820
588	675	649	613	543	585
633	793	741	728	632	625
988	1020	930	1080	929	995
532	618	576	533	446	475
988	988	900	989	966	964
778	928	898	872	724	727
664	743	733	667	589	640
372	457	456	387	330	397
345	434	437	359	334	366
717	871	793	662	743	776
1061	1101	913	1076	1078	1024
862	971	857	917	770	776
1063	1102	989	1049	1041	1048
899	951	922	887	741	773
731	866	802	759	596	689
975	982	924	998	969	942
1012	1060	926	1062	1065	981
550	674	642	585	516	543
857	913	841	893	834	869
998	1025	919	1047	1012	963
1022	1023	904	1023	1002	973
732	845	874	756	680	755
939	970	912	978	944	928
834	927	859	877	807	855
779	918	866	876	675	726
623	770	681	713	593	621
907	1000	917	966	869	931
648	844	759	722	512	622
1009	1028	921	1054	1021	996
914	1049	958	867	787	901
846	987	918	961	856	890
680	740	704	626	455	480
996	1021	949	1035	891	910
352	400	359	332	305	310
787	840	836	727	613	595
768	930	782	836	781	693
334	211	346	340	295	312
367	220	430	371	338	326
503	312	579	584	456	483
875	516	932	971	696	771
337	223	384	398	318	319
407	275	504	433	350	390
494	296	571	489	457	467
439	294	564	493	409	433
671	417	642	726	536	479
632	431	663	611	491	544
840	473	776	833	609	675
475	319	538	476	379	444
831	511	849	829	680	760
516	332	505	521	392	493
403	258	464	431	379	423
304	194	340	318	261	297
366	204	429	368	306	343
374	276	441	439	363	408
340	226	402	378	356	337
406	275	467	445	335	377
499	312	550	582	402	485
636	379	712	639	557	606
597	421	714	644	512	586
452	282	511	442	354	383
585	405	664	691	544	549
351	249	434	418	326	296
487	322	541	484	406	431
678	407	784	759	572	658
616	360	696	570	561	508
431	273	441	458	396	421
398	233	478	378	360	398
361	236	390	385	293	358
260	195	316	292	266	334
452	322	570	471	423	445
482	342	583	522	397	444
777	467	840	769	576	657
434	280	529	450	363	430
436	290	430	479	367	381
456	289	496	452	363	416
532	308	549	579	486	480
827	517	889	873	663	736
446	259	555	455	433	410
622	365	651	545	453	505
735	439	851	813	590	596
401	266	430	437	360	410
748	500	772	731	477	537
494	294	527	532	426	455
676	394	754	685	514	565
643	450	717	643	589	599
623	405	775	609	547	577
496	260	538	454	426	468
695	445	725	814	553	564
423	289	467	423	377	378
504	370	572	586	440	446
600	394	667	624	526	605
934	470	848	941	748	829
629	400	673	630	506	563
648	465	711	733	528	582
405	252	477	431	405	379
709	452	831	707	624	652
749	465	838	850	603	668
717	466	829	784	656	644
491	283	560	542	511	546
428	262	505	499	351	433
447	291	559	484	380	392
426	284	480	464	398	387
800	457	856	747	637	666
714	420	771	659	574	560
360	217	430	398	339	348
744	503	767	691	495	491
764	428	682	638	457	520
408	270	483	455	391	386
891	465	853	933	875	880
426	292	527	453	413	443
449	301	539	512	413	388
336	226	368	383	325	326
347	220	386	328	309	289
366	249	386	433	343	355
1008	492	887	974	878	894
1085	554	970	1053	876	888
866	556	938	874	696	643
722	465	787	763	661	694
1169	599	1037	1148	843	938
546	320	594	557	402	417
343	256	423	365	334	377
764	507	811	827	733	745
448	284	508	456	432	449
486	304	608	518	419	453
402	231	444	420	352	349
822	504	786	813	602	640
699	449	764	744	598	616
485	341	501	470	371	370
721	452	785	727	644	689
622	435	732	605	448	504
367	217	433	353	335	379
676	457	755	750	541	629
499	291	554	452	390	417
498	330	543	484	421	473
529	312	515	524	393	437
520	332	601	593	447	449
388	280	481	451	383	379
983	501	854	936	828	855
343	177	341	348	257	255
755	500	841	782	649	683
593	372	511	454	404	423
426	254	481	407	338	324
504	331	512	542	375	486
633	403	702	698	537	572
498	344	564	566	411	443
865	480	863	949	814	851
708	463	817	726	536	613
661	464	724	598	511	611
670	409	782	710	548	557
412	256	447	390	373	379
567	362	659	643	531	591
569	400	626	528	385	397
541	383	565	573	422	450
401	253	447	420	355	396
460	311	462	523	345	390
624	366	652	607	508	565
383	258	457	395	327	370
439	265	455	426	383	389
460	301	515	495	339	363
391	242	444	380	291	351
435	299	475	470	383	415
429	268	481	408	341	327
530	374	584	537	386	401
331	225	402	375	296	369
614	433	703	788	611	593
491	267	460	488	474	412
924	509	954	941	764	766
488	332	551	543	403	446
710	435	737	688	538	611
735	467	838	747	570	650
759	494	837	773	707	737
401	285	528	434	366	406
998	501	893	1023	1003	980
718	413	706	672	454	493
900	517	857	933	720	782
670	437	674	732	584	615
853	469	830	922	684	793
518	305	515	517	389	426
365	243	369	382	379	362
373	185	392	323	300	347
545	295	542	536	454	494
527	310	604	538	452	484
621	443	693	624	536	562
333	221	398	356	350	348
766	427	814	761	585	645
614	358	646	560	483	555
718	443	808	752	670	705
562	371	662	547	461	471
511	351	582	513	387	456
355	220	389	379	309	337
418	289	477	448	374	400
472	318	510	493	457	460
400	251	485	405	401	442
522	342	587	540	416	467
1013	550	964	1070	977	1036
645	394	723	660	585	628
367	212	460	395	338	346
312	268	363	361	253	268
627	396	748	612	547	629
380	230	401	376	368	363
459	288	548	473	369	407
872	502	888	937	698	823
274	187	348	322	255	283
