0.0006006006
1e-04
1e-04
1e-04
1e-04
1e-04
1e-04
1e-04
1e-04
0.0001971998
1e-04
0.0004122012
1e-04
1e-04
0.0005616926
1e-04
1e-04
1e-04
0.0003051572
1e-04
1e-04
1e-04
1e-04
1e-04
1e-04
1e-04
1e-04
0.0003878976
0.0001833853
1e-04
0.0001942502
1e-04
1e-04
1e-04
1e-04
1e-04
1e-04
1e-04
1e-04
0.0002007226
1e-04
1e-04
0.001004689
1e-04
1e-04
1e-04
0.0008115236
1e-04
1e-04
1e-04
1e-04
1e-04
0.001100837
1e-04
1e-04
1e-04
1e-04
1e-04
1e-04
1e-04
0.001152516
1e-04
1e-04
1e-04
0.0001689189
0.0001958097
1e-04
1e-04
1e-04
0.0001701548
1e-04
1e-04
1e-04
1e-04
1e-04
1e-04
1e-04
1e-04
0.0002116402
1e-04
1e-04
1e-04
1e-04
1e-04
0.0002641659
1e-04
0.0007541478
1e-04
1e-04
1e-04
1e-04
0.000319081
0.0001923817
1e-04
1e-04
0.0001977457
1e-04
0.0001886081
1e-04
1e-04
1e-04
1e-04
0.0001920861
1e-04
0.0002039984
0.0002165909
1e-04
1e-04
0.0002114165
1e-04
1e-04
1e-04
1e-04
1e-04
0.0001906578
1e-04
1e-04
1e-04
1e-04
1e-04
1e-04
0.0001534684
0.0003551136
1e-04
1e-04
0.0003940887
1e-04
0.0001821494
0.0004002401
1e-04
1e-04
1e-04
0.0009119927
1e-04
1e-04
1e-04
0.0001679825
0.00039992
1e-04
0.000770416
1e-04
0.0001876173
1e-04
0.0001860119
0.0003225806
1e-04
1e-04
0.0001765848
1e-04
1e-04
1e-04
0.0004065041
1e-04
1e-04
1e-04
1e-04
1e-04
1e-04
1e-04
0.0001851166
0.0004246285
1e-04
0.0002099958
0.0002075119
1e-04
1e-04
1e-04
1e-04
1e-04
0.000407332
1e-04
1e-04
1e-04
1e-04
1e-04
1e-04
1e-04
1e-04
1e-04
0.0001891432
1e-04
1e-04
0.0001732802
1e-04
1e-04
0.0001716738
0.0008213552
0.0001734004
1e-04
1e-04
1e-04
1e-04
1e-04
0.0003024803
1e-04
1e-04
1e-04
1e-04
1e-04
1e-04
1e-04
0.001551075
1e-04
1e-04
0.0001552313
1e-04
1e-04
1e-04
1e-04
1e-04
0.0003644979
1e-04
1e-04
1e-04
1e-04
1e-04
1e-04
1e-04
1e-04
1e-04
1e-04
1e-04
1e-04
1e-04
0.0001775884
1e-04
0.0003870718
0.0001616292
1e-04
0.0001931621
1e-04
0.0001811922
1e-04
0.0001757778
1e-04
1e-04
0.0004714757
0.0003502014
1e-04
1e-04
1e-04
1e-04
1e-04
1e-04
1e-04
1e-04
1e-04
0.0004190237
1e-04
1e-04
1e-04
1e-04
1e-04
1e-04
0.000188537
1e-04
0.0001759015
1e-04
1e-04
1e-04
1e-04
1e-04
1e-04
1e-04
0.0001717918
1e-04
0.0003004808
1e-04
1e-04
0.0001971998
0.0001786033
1e-04
0.0005952381
1e-04
0.0007045975
0.0003500788
1e-04
1e-04
0.0002789789
0.0005438724
1e-04
0.001453136
1e-04
0.0001726817
0.0001865672
1e-04
1e-04
1e-04
1e-04
1e-04
0.0001647718
0.0005807201
0.0006048387
0.0001708234
1e-04
1e-04
0.0003727171
1e-04
0.0001660578
0.0001817851
1e-04
1e-04
1e-04
0.0004144219
1e-04
1e-04
1e-04
1e-04
1e-04
0.0007141582
0.0001990446
1e-04
1e-04
0.0003735525
1e-04
0.0005834306
1e-04
1e-04
1e-04
1e-04
1e-04
1e-04
1e-04
1e-04
1e-04
0.0002945074
1e-04
1e-04
1e-04
1e-04
1e-04
0.0001731302
1e-04
1e-04
1e-04
0.0004816182
1e-04
0.0001795655
1e-04
1e-04
1e-04
1e-04
0.0006380603
1e-04
1e-04
1e-04
1e-04
1e-04
1e-04
0.0005841975
1e-04
0.0003534818
1e-04
0.0004887586
0.0003546728
1e-04
1e-04
1e-04
0.0009243853
0.0001973165
1e-04
0.0001698658
1e-04
1e-04
1e-04
1e-04
0.0009702458
1e-04
0.0008732099
0.0001785077
1e-04
1e-04
1e-04
0.0006039863
1e-04
1e-04
1e-04
0.0001582028
0.0003437607
1e-04
0.0003839509
1e-04
1e-04
0.0003271181
1e-04
1e-04
1e-04
1e-04
1e-04
0.000193836
0.0009070295
1e-04
1e-04
0.0003448276
1e-04
0.0001605136
1e-04
1e-04
0.0005074425
1e-04
1e-04
1e-04
1e-04
1e-04
1e-04
1e-04
1e-04
0.0003650301
0.0009404389
0.000173913
1e-04
1e-04
1e-04
1e-04
1e-04
0.0005288207
1e-04
0.0001950078
1e-04
1e-04
1e-04
1e-04
1e-04
0.0002023472
1e-04
0.001103144
1e-04
0.0007144133
1e-04
1e-04
1e-04
0.0002030457
1e-04
1e-04
1e-04
1e-04
1e-04
0.0006442261
1e-04
1e-04
0.000973236
0.0001712329
1e-04
1e-04
1e-04
1e-04
1e-04
0.0008250825
1e-04
1e-04
1e-04
1e-04
1e-04
0.0001892506
1e-04
1e-04
1e-04
0.0002056767
0.0002026342
0.0009543502
1e-04
0.0004071661
0.0003899396
1e-04
1e-04
1e-04
1e-04
0.0002018571
1e-04
1e-04
1e-04
0.0007459903
1e-04
1e-04
1e-04
1e-04
0.0002018978
1e-04
0.0002069965
1e-04
1e-04
1e-04
0.0001961554
1e-04
1e-04
0.0002109705
1e-04
1e-04
0.0002006018
1e-04
1e-04
1e-04
1e-04
1e-04
0.0004310345
0.00020496
1e-04
1e-04
0.05454545
0.0001950078
1e-04
1e-04
1e-04
0.000204165
1e-04
1e-04
1e-04
0.0001940994
0.0001982161
1e-04
1e-04
0.0001904037
1e-04
1e-04
1e-04
0.0007078393
1e-04
1e-04
0.0001972776
0.0001744287
1e-04
1e-04
1e-04
0.0001729505
1e-04
1e-04
1e-04
1e-04
1e-04
1e-04
0.0001871257
1e-04
1e-04
1e-04
1e-04
1e-04
1e-04
1e-04
1e-04
1e-04
1e-04
1e-04
1e-04
0.0003808798
1e-04
1e-04
0.0005192108
0.0006179197
1e-04
1e-04
1e-04
1e-04
1e-04
0.0001733102
1e-04
1e-04
0.0001872309
0.0001847404
1e-04
1e-04
1e-04
1e-04
1e-04
0.0001966568
0.0001975114
1e-04
1e-04
0.0003950227
0.0002140869
1e-04
0.0001796945
1e-04
0.0001875117
1e-04
1e-04
0.0001749475
1e-04
1e-04
1e-04
1e-04
0.0003191829
1e-04
0.0001982947
0.0003903963
1e-04
1e-04
1e-04
1e-04
0.0002083333
0.0005660377
1e-04
0.0006311139
1e-04
1e-04
0.001106807
1e-04
0.0001296849
0.0001558118
0.0002216803
1e-04
1e-04
1e-04
1e-04
1e-04
1e-04
1e-04
1e-04
1e-04
1e-04
1e-04
1e-04
0.0001869508
0.0003111872
1e-04
1e-04
1e-04
1e-04
1e-04
0.0002474941
1e-04
1e-04
1e-04
1e-04
1e-04
1e-04
0.00245821
0.0003609457
1e-04
0.000176398
0.0003345601
1e-04
1e-04
1e-04
0.0001712915
1e-04
1e-04
1e-04
1e-04
0.0001499925
1e-04
1e-04
1e-04
0.000183621
1e-04
1e-04
0.0001730403
0.0005331438
1e-04
0.0007664304
0.0001733403
1e-04
0.0003415301
0.0001420253
0.0004330879
1e-04
1e-04
0.000315856
1e-04
1e-04
0.00016518
1e-04
1e-04
1e-04
1e-04
1e-04
1e-04
1e-04
1e-04
1e-04
1e-04
0.0001967342
1e-04
1e-04
1e-04
1e-04
0.000182249
1e-04
0.0003691399
1e-04
0.0001595151
0.0006217617
1e-04
1e-04
1e-04
1e-04
0.0003945551
0.0003515556
0.0001769285
1e-04
0.002050326
0.001176701
0.0001997603
0.0001901864
0.0003938558
1e-04
1e-04
0.0005506608
1e-04
1e-04
0.0003843936
1e-04
1e-04
0.0003932363
1e-04
0.0001722653
0.0005974905
0.0003877472
1e-04
0.0003781433
1e-04
9.057971e-05
1e-04
1e-04
1e-04
0.0001809627
0.0003663004
1e-04
1e-04
1e-04
0.0004100882
1e-04
1e-04
0.0006014435
1e-04
1e-04
0.000447828
1e-04
1e-04
1e-04
0.000203749
0.001099908
1e-04
1e-04
1e-04
1e-04
1e-04
0.0003641661
1e-04
0.0001908033
0.0002571025
1e-04
1e-04
1e-04
1e-04
1e-04
1e-04
1e-04
1e-04
1e-04
1e-04
1e-04
0.000188537
1e-04
1e-04
1e-04
1e-04
1e-04
1e-04
1e-04
0.0001613424
1e-04
1e-04
1e-04
1e-04
1e-04
1e-04
1e-04
1e-04
1e-04
1e-04
0.0002077706
1e-04
1e-04
1e-04
1e-04
1e-04
0.0001966955
1e-04
1e-04
1e-04
1e-04
0.0005339979
1e-04
1e-04
0.0003787162
1e-04
1e-04
1e-04
0.0004043672
1e-04
1e-04
0.0001886081
1e-04
1e-04
0.0001652346
0.0003754458
1e-04
1e-04
1e-04
1e-04
1e-04
0.00020004
1e-04
1e-04
1e-04
1e-04
1e-04
0.0001710864
1e-04
1e-04
0.0007144133
1e-04
0.0001848087
1e-04
0.000182083
0.00019996
0.0004892368
1e-04
0.0001616031
1e-04
1e-04
0.0001898975
1e-04
1e-04
1e-04
1e-04
1e-04
0.000191681
0.0001869159
1e-04
1e-04
0.0003660992
1e-04
1e-04
1e-04
0.0004258037
1e-04
1e-04
1e-04
0.0002898131
1e-04
1e-04
1e-04
1e-04
0.000331071
1e-04
1e-04
0.0003922338
0.000207555
1e-04
0.0001917546
1e-04
0.0002025111
1e-04
1e-04
1e-04
1e-04
1e-04
1e-04
1e-04
1e-04
1e-04
1e-04
1e-04
1e-04
1e-04
0.0001708817
1e-04
1e-04
1e-04
1e-04
0.0003305239
1e-04
0.0002083767
1e-04
1e-04
1e-04
0.0001814224
1e-04
1e-04
1e-04
1e-04
1e-04
1e-04
0.00019604
1e-04
1e-04
0.0001647718
1e-04
1e-04
1e-04
0.0007222824
0.0002031282
1e-04
1e-04
1e-04
1e-04
1e-04
0.0002025932
1e-04
0.0001818843
1e-04
1e-04
1e-04
0.0005700171
1e-04
1e-04
1e-04
1e-04
1e-04
0.0003823361
1e-04
1e-04
1e-04
1e-04
1e-04
1e-04
1e-04
1e-04
1e-04
1e-04
1e-04
1e-04
1e-04
0.0003689356
1e-04
1e-04
1e-04
1e-04
1e-04
0.0005822981
1e-04
1e-04
1e-04
1e-04
1e-04
0.0001853568
1e-04
1e-04
1e-04
1e-04
1e-04
1e-04
1e-04
1e-04
1e-04
1e-04
0.001102131
1e-04
1e-04
1e-04
1e-04
1e-04
1e-04
1e-04
1e-04
1e-04
1e-04
1e-04
1e-04
1e-04
0.0002064836
0.0001550628
1e-04
1e-04
0.00029274
1e-04
1e-04
1e-04
1e-04
0.0001688049
0.0001732202
1e-04
1e-04
1e-04
0.0005420054
1e-04
0.0003727866
0.0001796622
0.0001889288
1e-04
0.0001943635
1e-04
0.0004504505
1e-04
1e-04
0.0001964251
0.0005220569
0.0003344482
1e-04
1e-04
1e-04
1e-04
1e-04
0.0002095118
1e-04
1e-04
0.0007246377
0.0003839509
1e-04
0.0004084133
1e-04
0.0003907776
1e-04
1e-04
1e-04
1e-04
1e-04
0.0007237199
1e-04
1e-04
0.0003796507
1e-04
0.0003679176
1e-04
1e-04
1e-04
1e-04
0.0001949318
1e-04
1e-04
0.000762079
1e-04
1e-04
1e-04
0.0001731602
1e-04
0.0002009646
0.000812876
0.0001773679
0.0001924187
1e-04
0.0004299226
1e-04
0.0003879728
0.0001862891
0.0004433607
1e-04
1e-04
1e-04
1e-04
0.00020008
1e-04
0.0003542958
1e-04
1e-04
0.0001643385
1e-04
0.0002129925
1e-04
0.0002016942
0.000191095
1e-04
0.0008040201
1e-04
0.0006007209
1e-04
1e-04
0.0002053388
0.0003988831
0.0004099201
1e-04
0.0001921968
1e-04
1e-04
0.0001962709
1e-04
1e-04
1e-04
0.0001968504
1e-04
1e-04
0.0001702128
1e-04
0.0003958828
1e-04
1e-04
0.0003649635
1e-04
1e-04
1e-04
1e-04
1e-04
0.0003891051
1e-04
0.0002096876
1e-04
0.0001438435
1e-04
0.000202061
1e-04
0.0002085941
1e-04
1e-04
1e-04
1e-04
1e-04
1e-04
0.0001937984
1e-04
1e-04
1e-04
0.0002077706
1e-04
1e-04
1e-04
1e-04
1e-04
1e-04
1e-04
1e-04
1e-04
1e-04
1e-04
1e-04
0.0007365126
1e-04
0.0002227171
1e-04
0.0001700102
1e-04
1e-04
1e-04
0.0001988862
0.0004014452
1e-04
1e-04
0.0002254791
1e-04
1e-04
1e-04
1e-04
1e-04
1e-04
1e-04
1e-04
1e-04
1e-04
1e-04
1e-04
0.0002010454
1e-04
1e-04
1e-04
1e-04
1e-04
0.0004338395
1e-04
1e-04
1e-04
1e-04
1e-04
0.0001835536
1e-04
1e-04
0.0004473606
1e-04
1e-04
0.0003081664
1e-04
0.0003578458
1e-04
1e-04
1e-04
1e-04
0.0001621534
1e-04
0.0001883949
0.0001731602
0.000197122
0.0002136296
1e-04
1e-04
1e-04
1e-04
0.0009107468
1e-04
1e-04
1e-04
1e-04
1e-04
0.0004558578
1e-04
0.0008917425
0.0002274795
0.0001766472
1e-04
0.0005972526
0.0005928854
0.0002021427
1e-04
0.0001940994
1e-04
0.0003899396
1e-04
1e-04
1e-04
1e-04
1e-04
1e-04
1e-04
1e-04
1e-04
1e-04
1e-04
0.0001833517
1e-04
1e-04
1e-04
0.0002003606
1e-04
1e-04
0.0002098196
1e-04
1e-04
1e-04
1e-04
1e-04
0.00121976
1e-04
1e-04
0.0003899396
1e-04
1e-04
1e-04
0.0004734848
1e-04
1e-04
1e-04
1e-04
0.0004058442
0.0001845359
1e-04
1e-04
1e-04
1e-04
1e-04
1e-04
1e-04
1e-04
1e-04
1e-04
0.0001869858
0.0001988862
0.0001992032
1e-04
0.0004624634
1e-04
1e-04
0.0001719395
0.0001923447
1e-04
1e-04
1e-04
1e-04
1e-04
1e-04
1e-04
1e-04
0.0004513993
1e-04
1e-04
1e-04
1e-04
0.0002016129
1e-04
1e-04
0.000167392
1e-04
0.0001870557
0.0002025522
1e-04
0.0001852538
1e-04
1e-04
0.0003405415
1e-04
0.000170068
1e-04
1e-04
1e-04
1e-04
1e-04
1e-04
0.0003577818
1e-04
1e-04
1e-04
1e-04
0.0005718643
1e-04
1e-04
1e-04
0.0001908761
1e-04
1e-04
1e-04
1e-04
0.0001718508
0.0001818512
1e-04
0.0003566334
0.0001660854
0.0001760563
0.0009580073
0.001059643
1e-04
1e-04
1e-04
1e-04
1e-04
0.0001425923
1e-04
1e-04
0.0001814224
0.000179501
1e-04
1e-04
1e-04
1e-04
0.0003800836
1e-04
0.0003941663
1e-04
0.0001548707
1e-04
0.0003428767
1e-04
1e-04
0.0007287302
0.0003548616
1e-04
0.0001989258
0.0003251504
1e-04
0.0003468008
1e-04
0.0001648261
1e-04
0.0006578947
1e-04
1e-04
0.001415762
1e-04
0.0001425517
0.000151607
0.0001260716
1e-04
1e-04
1e-04
1e-04
1e-04
1e-04
1e-04
1e-04
0.000212766
1e-04
1e-04
1e-04
0.0005827506
1e-04
1e-04
0.0001881468
1e-04
0.0002098196
0.0002087247
1e-04
1e-04
1e-04
0.0002015723
1e-04
1e-04
1e-04
1e-04
0.000400641
1e-04
0.0003650968
1e-04
1e-04
1e-04
1e-04
0.0003985652
1e-04
1e-04
1e-04
0.0002119542
0.0001914975
0.0002031282
1e-04
0.0003544214
1e-04
1e-04
0.0004047764
1e-04
1e-04
1e-04
0.0005488474
1e-04
1e-04
1e-04
0.000962001
1e-04
1e-04
1e-04
1e-04
1e-04
1e-04
1e-04
0.0008410429
1e-04
0.0007984032
0.000569044
1e-04
0.0003848374
1e-04
1e-04
0.0001829157
0.0001453488
1e-04
0.0006855184
1e-04
0.0007988816
1e-04
1e-04
1e-04
1e-04
1e-04
1e-04
1e-04
1e-04
1e-04
0.0002002403
0.0003608805
1e-04
1e-04
1e-04
1e-04
1e-04
1e-04
1e-04
1e-04
1e-04
1e-04
0.0007189073
1e-04
1e-04
1e-04
1e-04
0.0003477051
1e-04
1e-04
1e-04
1e-04
0.0003805899
1e-04
0.0009521996
1e-04
1e-04
1e-04
1e-04
0.000155135
1e-04
0.0001922707
1e-04
1e-04
1e-04
1e-04
0.0003866976
1e-04
0.0003978516
0.0001791794
1e-04
1e-04
1e-04
0.0001937234
0.0003857281
1e-04
1e-04
1e-04
0.0001882176
1e-04
0.0002950288
1e-04
1e-04
1e-04
0.0001968117
1e-04
1e-04
1e-04
0.0004051864
0.0001788909
1e-04
1e-04
0.0003807348
0.001162565
1e-04
1e-04
1e-04
1e-04
0.00019992
1e-04
1e-04
1e-04
0.0007506099
0.0001979806
1e-04
1e-04
1e-04
1e-04
0.0002002002
0.0001956182
1e-04
0.0003526093
1e-04
1e-04
1e-04
1e-04
0.000803697
1e-04
0.0001992429
1e-04
0.0003969829
1e-04
1e-04
0.0001990842
1e-04
1e-04
1e-04
1e-04
1e-04
1e-04
0.0001899696
1e-04
1e-04
1e-04
1e-04
0.0002005616
0.0006298551
1e-04
1e-04
0.0006016847
1e-04
1e-04
1e-04
1e-04
0.0001986492
0.0001982947
1e-04
0.0001984521
1e-04
0.0001822822
1e-04
1e-04
1e-04
1e-04
1e-04
1e-04
1e-04
1e-04
1e-04
0.0003958828
0.0001895735
1e-04
1e-04
0.0001738828
1e-04
1e-04
1e-04
1e-04
1e-04
1e-04
0.0001969279
1e-04
1e-04
0.0007665772
1e-04
1e-04
0.0001971609
0.0005694761
1e-04
1e-04
1e-04
0.0001405481
0.0006086427
1e-04
0.0001661682
0.0008366801
0.0001859773
1e-04
1e-04
0.0001956947
1e-04
1e-04
1e-04
1e-04
1e-04
0.0004171882
1e-04
0.0003950227
1e-04
1e-04
0.0001865672
1e-04
1e-04
1e-04
1e-04
1e-04
1e-04
1e-04
0.001005429
0.0002846165
0.0003291639
1e-04
1e-04
1e-04
1e-04
0.000294681
1e-04
1e-04
0.0003898635
1e-04
1e-04
1e-04
1e-04
1e-04
1e-04
0.0005231037
1e-04
1e-04
1e-04
1e-04
0.0001973165
1e-04
0.0003152088
0.0002933412
1e-04
1e-04
1e-04
0.0006956522
1e-04
1e-04
1e-04
1e-04
1e-04
1e-04
1e-04
0.0002016129
1e-04
1e-04
1e-04
0.0003411223
1e-04
0.0001988467
1e-04
1e-04
0.0002018978
0.0005884661
1e-04
1e-04
1e-04
1e-04
1e-04
1e-04
0.000373204
0.0003924647
0.0003837299
0.0006352231
1e-04
1e-04
1e-04
1e-04
1e-04
0.0001769912
0.0001918281
1e-04
1e-04
1e-04
0.0002055076
0.0001925298
1e-04
0.000407581
1e-04
1e-04
0.0007985626
1e-04
0.0005870841
1e-04
0.0002024701
0.0006268282
1e-04
1e-04
0.001207105
1e-04
1e-04
1e-04
1e-04
0.0005417118
1e-04
0.0001452433
1e-04
1e-04
1e-04
0.0003845414
1e-04
1e-04
0.0001926411
0.0005912495
1e-04
1e-04
1e-04
1e-04
1e-04
0.0001903312
0.0005931198
1e-04
0.000392773
1e-04
1e-04
0.00020404
0.0001957713
0.0001968504
1e-04
0.0005991612
1e-04
0.0003860259
0.0008290499
1e-04
1e-04
1e-04
0.0006433626
1e-04
0.000999001
1e-04
0.0004227436
1e-04
1e-04
1e-04
1e-04
1e-04
1e-04
1e-04
1e-04
1e-04
1e-04
0.0002072539
1e-04
1e-04
1e-04
0.0001996008
1e-04
1e-04
1e-04
1e-04
1e-04
0.0002112825
1e-04
0.0002072109
0.0001932741
1e-04
1e-04
0.0002112825
1e-04
0.0005921832
1e-04
1e-04
1e-04
1e-04
1e-04
0.0002041233
1e-04
1e-04
0.0004171011
1e-04
1e-04
1e-04
1e-04
1e-04
1e-04
1e-04
1e-04
1e-04
1e-04
1e-04
1e-04
0.0003873717
1e-04
0.0001930502
1e-04
1e-04
0.0004472272
0.00099167
0.0003996004
1e-04
0.0004346881
0.0002181977
1e-04
1e-04
1e-04
0.0002057613
1e-04
1e-04
1e-04
1e-04
1e-04
1e-04
0.0002023472
1e-04
0.000204918
1e-04
1e-04
1e-04
1e-04
0.000876117
1e-04
0.0003744617
0.0003729952
0.0005768122
1e-04
0.0001890717
0.0001863933
0.00173913
0.0003577818
1e-04
1e-04
1e-04
1e-04
0.0003240441
1e-04
0.0002820079
1e-04
1e-04
1e-04
1e-04
1e-04
0.0001389275
1e-04
0.0003779289
1e-04
0.0001813237
1e-04
1e-04
0.000185701
1e-04
1e-04
0.0001845018
1e-04
1e-04
1e-04
1e-04
1e-04
1e-04
1e-04
1e-04
1e-04
1e-04
1e-04
1e-04
1e-04
1e-04
1e-04
1e-04
0.0002105706
1e-04
1e-04
0.0003872217
1e-04
0.0004025765
1e-04
0.00020004
1e-04
1e-04
0.0001995211
1e-04
1e-04
1e-04
1e-04
0.0001781896
0.0001971609
1e-04
0.001029866
1e-04
1e-04
0.0004064215
0.0002061431
1e-04
1e-04
1e-04
0.0002072109
1e-04
1e-04
1e-04
0.001148985
1e-04
1e-04
0.0001996406
1e-04
1e-04
1e-04
0.0003890294
1e-04
0.0004079135
1e-04
1e-04
1e-04
1e-04
1e-04
1e-04
0.0007651109
1e-04
0.0003883495
1e-04
0.000746826
0.0001978631
0.0001855632
1e-04
1e-04
1e-04
0.0005740528
1e-04
1e-04
1e-04
1e-04
1e-04
1e-04
1e-04
1e-04
1e-04
0.0001927897
1e-04
0.001017708
1e-04
1e-04
1e-04
1e-04
1e-04
1e-04
1e-04
0.0003777862
0.0001832845
1e-04
1e-04
0.0003742515
1e-04
1e-04
1e-04
1e-04
1e-04
1e-04
0.0001861504
1e-04
0.00020008
0.0003885759
1e-04
0.0003309614
1e-04
1e-04
1e-04
0.00018457
1e-04
1e-04
1e-04
1e-04
1e-04
1e-04
0.000345006
1e-04
1e-04
0.0005340929
0.0001686056
1e-04
1e-04
1e-04
1e-04
1e-04
1e-04
1e-04
1e-04
0.000932314
1e-04
0.0003929273
0.0003599712
1e-04
1e-04
1e-04
1e-04
1e-04
1e-04
0.0002164502
1e-04
1e-04
1e-04
1e-04
1e-04
1e-04
1e-04
1e-04
1e-04
0.0002023063
1e-04
1e-04
1e-04
1e-04
1e-04
0.0003311258
1e-04
0.000625
1e-04
1e-04
1e-04
1e-04
1e-04
1e-04
0.0001775884
1e-04
0.0001618647
0.0001700102
0.000190949
1e-04
0.001111994
1e-04
1e-04
1e-04
1e-04
1e-04
0.0001890717
1e-04
0.0005837712
1e-04
1e-04
1e-04
1e-04
1e-04
1e-04
1e-04
1e-04
1e-04
0.0003104626
1e-04
1e-04
1e-04
1e-04
1e-04
1e-04
1e-04
1e-04
1e-04
0.0001920492
0.0006946052
1e-04
0.0001830496
0.0006922811
1e-04
1e-04
1e-04
1e-04
1e-04
0.0001792436
0.00016728
1e-04
1e-04
0.0003849856
1e-04
0.0001668335
0.0001854943
1e-04
0.0003721623
1e-04
0.0003322811
1e-04
1e-04
1e-04
1e-04
1e-04
0.0003451251
1e-04
0.0002055921
1e-04
1e-04
1e-04
1e-04
1e-04
1e-04
1e-04
1e-04
1e-04
1e-04
0.0001988072
0.0001790831
1e-04
1e-04
1e-04
1e-04
1e-04
1e-04
1e-04
1e-04
0.0001880053
1e-04
1e-04
1e-04
1e-04
1e-04
1e-04
0.0003733433
0.0007262164
1e-04
0.0005049655
0.0004810005
1e-04
1e-04
0.0003525472
0.0001913509
0.0002026342
0.0001755618
0.0002006421
1e-04
1e-04
1e-04
0.0001895016
1e-04
1e-04
0.0001792115
0.0009758478
1e-04
1e-04
1e-04
1e-04
1e-04
1e-04
0.0003663675
1e-04
0.0001679543
1e-04
1e-04
1e-04
1e-04
1e-04
1e-04
0.0005580357
0.0007856694
1e-04
0.0003548616
1e-04
1e-04
1e-04
0.0001668335
1e-04
1e-04
0.0005599104
1e-04
0.001572636
1e-04
1e-04
0.0008318084
0.0001893222
0.0005453554
1e-04
1e-04
1e-04
0.0002998501
0.0007494847
1e-04
1e-04
1e-04
1e-04
1e-04
1e-04
1e-04
1e-04
1e-04
0.0001748557
1e-04
1e-04
1e-04
0.0001848087
0.000198334
0.000186602
0.0003725088
1e-04
1e-04
1e-04
1e-04
1e-04
1e-04
1e-04
0.0001663063
1e-04
1e-04
1e-04
0.0001823154
1e-04
0.0003006615
0.0005467469
0.0001774308
1e-04
0.0002056767
0.0001634254
1e-04
1e-04
1e-04
0.0003403676
1e-04
1e-04
1e-04
1e-04
1e-04
0.0003781433
1e-04
1e-04
1e-04
0.0001918649
1e-04
1e-04
0.0001729805
1e-04
1e-04
1e-04
1e-04
0.0001851509
0.000510074
1e-04
0.0001671682
1e-04
0.001022495
1e-04
1e-04
0.0001842978
0.0001773679
0.0001898614
1e-04
1e-04
0.000387672
0.0002962963
1e-04
1e-04
1e-04
1e-04
0.0005885815
1e-04
1e-04
1e-04
1e-04
0.0001897533
1e-04
1e-04
0.0004619649
1e-04
1e-04
1e-04
1e-04
1e-04
1e-04
1e-04
1e-04
0.0003602954
0.0001732202
1e-04
0.0001887505
1e-04
0.000155521
0.0001919754
1e-04
0.0001590078
1e-04
1e-04
0.001529637
1e-04
1e-04
1e-04
1e-04
1e-04
1e-04
1e-04
0.0001990446
1e-04
1e-04
0.0002042901
1e-04
1e-04
1e-04
1e-04
0.0004397537
1e-04
0.0001710864
0.0002138123
0.0004222379
1e-04
1e-04
1e-04
1e-04
1e-04
0.0003419388
0.0005417118
0.0003262643
0.0007810974
0.0001941371
0.000939673
0.0003341129
0.001058841
0.0001807991
1e-04
1e-04
0.000195848
1e-04
1e-04
1e-04
1e-04
1e-04
1e-04
1e-04
1e-04
1e-04
0.0001774938
0.0005720824
1e-04
0.001377648
1e-04
1e-04
0.0001920861
0.0006594131
1e-04
1e-04
0.0001950839
1e-04
0.0004022526
1e-04
1e-04
1e-04
0.0003878224
1e-04
1e-04
1e-04
0.0001917913
1e-04
0.0001838235
1e-04
1e-04
1e-04
1e-04
1e-04
1e-04
1e-04
1e-04
0.0002042901
1e-04
1e-04
1e-04
0.0001982947
1e-04
1e-04
1e-04
1e-04
0.0002014504
1e-04
1e-04
1e-04
1e-04
1e-04
0.0007753441
0.0003937783
1e-04
0.0005658242
1e-04
1e-04
1e-04
1e-04
1e-04
1e-04
1e-04
1e-04
0.0001771793
0.0001927154
1e-04
0.0002787456
1e-04
1e-04
1e-04
0.0003972984
1e-04
1e-04
0.0006286343
0.0004966887
0.0005203816
0.000190949
1e-04
1e-04
1e-04
1e-04
0.0005896226
1e-04
0.0007713074
1e-04
1e-04
1e-04
0.0001765225
1e-04
0.0003969829
1e-04
1e-04
1e-04
1e-04
1e-04
1e-04
1e-04
1e-04
1e-04
1e-04
1e-04
0.001418691
1e-04
1e-04
0.0003696858
0.0001794366
0.0002978407
1e-04
0.0003106072
1e-04
1e-04
1e-04
1e-04
0.0001720282
1e-04
1e-04
0.0003172086
1e-04
1e-04
1e-04
1e-04
0.0003615983
1e-04
1e-04
1e-04
1e-04
0.0001678416
1e-04
1e-04
0.0005544262
1e-04
1e-04
1e-04
1e-04
0.0008003201
0.0001661958
0.0001543686
1e-04
1e-04
1e-04
1e-04
1e-04
1e-04
1e-04
1e-04
1e-04
1e-04
0.0003172589
1e-04
1e-04
0.0001731902
1e-04
0.0001496334
1e-04
1e-04
1e-04
1e-04
1e-04
1e-04
0.000186428
1e-04
1e-04
0.000909587
1e-04
1e-04
0.000574465
1e-04
0.0003652301
0.0004871712
1e-04
1e-04
1e-04
1e-04
1e-04
1e-04
1e-04
1e-04
0.0007068387
0.0003236246
1e-04
1e-04
1e-04
1e-04
0.0007249379
0.00016592
1e-04
1e-04
1e-04
0.000151263
0.0005628518
1e-04
1e-04
1e-04
1e-04
1e-04
1e-04
0.0007271405
0.0005545287
1e-04
1e-04
0.0002002002
1e-04
1e-04
0.0002105706
1e-04
1e-04
1e-04
1e-04
1e-04
0.0002151
1e-04
1e-04
1e-04
1e-04
1e-04
1e-04
1e-04
0.0001864976
1e-04
1e-04
0.000191681
1e-04
1e-04
1e-04
1e-04
1e-04
1e-04
1e-04
0.000162022
1e-04
0.0001605394
1e-04
0.000351062
1e-04
1e-04
1e-04
1e-04
1e-04
1e-04
1e-04
1e-04
0.000394011
0.0001742464
0.0003177125
1e-04
0.0003548616
0.0005775895
1e-04
1e-04
1e-04
1e-04
1e-04
0.0002008032
1e-04
0.0003996004
1e-04
1e-04
1e-04
1e-04
1e-04
1e-04
1e-04
0.0004043672
1e-04
1e-04
1e-04
1e-04
0.000179019
1e-04
1e-04
1e-04
0.0001808973
1e-04
0.0004865391
0.0001685204
1e-04
1e-04
0.0004771751
0.0003198465
1e-04
0.000270636
0.0001459215
1e-04
1e-04
1e-04
1e-04
0.0001841621
1e-04
1e-04
1e-04
0.0001700102
1e-04
1e-04
1e-04
1e-04
1e-04
1e-04
0.0003263708
1e-04
1e-04
1e-04
0.000337325
1e-04
1e-04
1e-04
0.0001973165
1e-04
1e-04
1e-04
1e-04
1e-04
1e-04
1e-04
1e-04
1e-04
1e-04
1e-04
0.0001869159
0.0003832886
1e-04
1e-04
1e-04
1e-04
1e-04
1e-04
1e-04
0.000183621
0.0003694809
1e-04
1e-04
1e-04
1e-04
1e-04
1e-04
1e-04
1e-04
1e-04
1e-04
0.000361991
0.0001986492
1e-04
0.0004231013
0.0001970055
0.0004215852
0.000191022
0.0001747335
0.0001972387
1e-04
1e-04
1e-04
0.0002117747
1e-04
0.0003852822
1e-04
1e-04
0.0001828822
0.0009758002
1e-04
1e-04
0.0001893939
1e-04
1e-04
1e-04
1e-04
1e-04
1e-04
1e-04
1e-04
1e-04
1e-04
1e-04
0.0003283533
0.0003633721
1e-04
1e-04
1e-04
1e-04
1e-04
1e-04
1e-04
1e-04
1e-04
0.0001851166
1e-04
0.0002085071
0.0001981768
0.0002044572
0.0002004812
1e-04
1e-04
1e-04
0.0001903312
0.0001982554
1e-04
1e-04
1e-04
0.0004023335
1e-04
1e-04
0.0005542213
0.0001948178
1e-04
1e-04
1e-04
1e-04
0.0006436042
1e-04
1e-04
1e-04
0.000408998
1e-04
1e-04
1e-04
1e-04
1e-04
0.0009283327
0.000363901
1e-04
1e-04
1e-04
1e-04
1e-04
0.00103114
1e-04
0.0001900418
1e-04
1e-04
0.0006026517
1e-04
1e-04
1e-04
1e-04
1e-04
1e-04
1e-04
1e-04
0.0003875969
1e-04
1e-04
1e-04
1e-04
0.0001834862
0.0001874766
0.0004704406
1e-04
1e-04
1e-04
1e-04
0.0001940617
0.0001852538
1e-04
1e-04
0.0001825817
0.0003277077
0.0004606172
0.0002029221
1e-04
0.0002060581
1e-04
1e-04
1e-04
1e-04
1e-04
1e-04
0.0003640998
1e-04
1e-04
0.0003755869
1e-04
0.000385505
0.0003872217
1e-04
1e-04
0.0005211047
1e-04
1e-04
1e-04
1e-04
1e-04
1e-04
1e-04
1e-04
0.000180538
1e-04
1e-04
1e-04
1e-04
1e-04
1e-04
0.0001960784
1e-04
0.0003841721
1e-04
1e-04
1e-04
0.0006013229
1e-04
1e-04
1e-04
1e-04
1e-04
1e-04
1e-04
1e-04
0.0001971609
1e-04
0.0003375527
1e-04
1e-04
1e-04
1e-04
1e-04
1e-04
1e-04
0.0001660302
1e-04
1e-04
1e-04
1e-04
1e-04
1e-04
1e-04
0.0001817521
0.0001923077
1e-04
1e-04
1e-04
0.0008203445
0.0001713796
0.00066313
1e-04
0.000592154
1e-04
0.0003271181
1e-04
1e-04
1e-04
0.0008808632
1e-04
1e-04
1e-04
0.00101626
0.0004743083
0.0005844535
1e-04
1e-04
0.0003372681
1e-04
0.0003035823
0.001301575
1e-04
1e-04
1e-04
0.0006100351
0.0008179959
0.000377145
1e-04
1e-04
1e-04
0.0003424071
0.0003259452
1e-04
0.0002280762
1e-04
1e-04
0.000839067
0.0005447612
1e-04
0.001183899
0.001073729
0.0003275467
0.0003920031
1e-04
1e-04
0.0001688049
1e-04
1e-04
1e-04
1e-04
1e-04
0.0006474587
0.000190295
1e-04
1e-04
1e-04
1e-04
1e-04
1e-04
1e-04
1e-04
1e-04
1e-04
0.0008784259
0.0005036938
1e-04
0.0005389867
1e-04
1e-04
1e-04
1e-04
0.0006236358
1e-04
1e-04
1e-04
1e-04
0.0001299207
1e-04
1e-04
1e-04
1e-04
1e-04
1e-04
1e-04
1e-04
0.0004877256
0.000143082
1e-04
1e-04
1e-04
0.000331785
0.001308258
0.0003152088
1e-04
0.0003666361
0.0001977457
1e-04
1e-04
1e-04
1e-04
1e-04
1e-04
0.0006156688
1e-04
1e-04
1e-04
1e-04
1e-04
1e-04
1e-04
1e-04
1e-04
1e-04
1e-04
1e-04
1e-04
0.0003321156
0.0003079766
1e-04
0.0004587156
1e-04
0.0001833181
0.0001916443
0.0003563792
0.0007836991
1e-04
0.001033948
1e-04
0.0001548947
0.001306549
0.0003291639
0.0001714384
1e-04
1e-04
1e-04
0.0001417033
1e-04
1e-04
0.0001997204
1e-04
0.00018577
0.0002023882
1e-04
1e-04
1e-04
1e-04
1e-04
1e-04
0.001173479
1e-04
0.0001687194
1e-04
1e-04
0.0001723544
0.0003856537
1e-04
0.0002012882
1e-04
1e-04
0.0001833853
1e-04
1e-04
0.0001888931
1e-04
0.0004063389
1e-04
0.000377145
1e-04
0.0005305978
1e-04
1e-04
0.0003521127
0.0003537944
1e-04
1e-04
0.0003478261
1e-04
0.001068213
1e-04
1e-04
0.000157903
0.0001788269
1e-04
0.0001623904
1e-04
0.0001961169
1e-04
1e-04
0.000210084
0.0005039476
1e-04
0.0002060581
1e-04
1e-04
1e-04
1e-04
1e-04
1e-04
0.0001388118
0.0001900418
1e-04
1e-04
0.0004649721
1e-04
0.0003790751
1e-04
1e-04
1e-04
1e-04
1e-04
1e-04
1e-04
1e-04
1e-04
1e-04
1e-04
0.000392773
0.0005179558
0.000334672
1e-04
1e-04
1e-04
1e-04
1e-04
1e-04
1e-04
1e-04
1e-04
1e-04
1e-04
1e-04
1e-04
1e-04
1e-04
0.0009789525
1e-04
1e-04
1e-04
0.0001961554
1e-04
1e-04
0.0004014452
1e-04
1e-04
1e-04
1e-04
1e-04
0.000202061
1e-04
0.0002002403
1e-04
1e-04
1e-04
1e-04
1e-04
1e-04
1e-04
0.0001946283
1e-04
1e-04
1e-04
1e-04
1e-04
1e-04
1e-04
1e-04
1e-04
1e-04
1e-04
1e-04
1e-04
0.0004127967
1e-04
1e-04
0.0007747434
0.000167364
1e-04
1e-04
1e-04
0.0002016942
0.0005392774
1e-04
1e-04
1e-04
1e-04
1e-04
1e-04
0.0002154708
1e-04
1e-04
0.0004248088
1e-04
1e-04
1e-04
1e-04
1e-04
1e-04
1e-04
1e-04
1e-04
0.0001852538
1e-04
1e-04
1e-04
0.0002018978
1e-04
1e-04
1e-04
1e-04
0.0003556188
1e-04
1e-04
1e-04
0.0001971998
1e-04
1e-04
1e-04
1e-04
0.0004038772
1e-04
1e-04
1e-04
0.0007964954
1e-04
0.0007968127
0.0001990842
0.0001973554
0.0003653635
1e-04
1e-04
1e-04
1e-04
1e-04
1e-04
1e-04
1e-04
1e-04
0.0001964251
1e-04
1e-04
1e-04
1e-04
0.0007142857
1e-04
1e-04
0.0001845359
0.0001958864
1e-04
0.0001948938
1e-04
1e-04
0.0002017349
1e-04
1e-04
0.0001837897
1e-04
1e-04
0.000251004
0.000209468
1e-04
0.0004211413
0.000617411
0.00019604
1e-04
1e-04
1e-04
1e-04
1e-04
1e-04
1e-04
1e-04
1e-04
0.0001974724
1e-04
1e-04
1e-04
0.0004327131
0.0002115954
1e-04
1e-04
1e-04
0.0006100041
1e-04
0.0004032258
1e-04
1e-04
0.0007119465
1e-04
1e-04
0.0007732457
1e-04
1e-04
1e-04
1e-04
1e-04
1e-04
1e-04
1e-04
1e-04
1e-04
1e-04
0.0001968504
1e-04
1e-04
1e-04
0.0001807338
1e-04
1e-04
1e-04
0.0002032107
1e-04
0.0003028009
1e-04
1e-04
0.0001850481
1e-04
1e-04
1e-04
1e-04
1e-04
1e-04
1e-04
1e-04
1e-04
0.0001924557
1e-04
0.0003777862
1e-04
1e-04
0.0003565062
1e-04
1e-04
1e-04
1e-04
1e-04
1e-04
1e-04
0.0003972195
1e-04
1e-04
1e-04
1e-04
1e-04
1e-04
1e-04
0.0001829826
1e-04
1e-04
0.0007395082
0.0001831837
0.0003059976
0.0003161555
0.0003631741
1e-04
1e-04
1e-04
0.0003913894
0.000372093
1e-04
0.0007667242
1e-04
1e-04
0.0001661406
0.0001933114
1e-04
1e-04
0.0003698225
1e-04
1e-04
0.0001861504
0.0006194508
0.0001852538
0.0001870557
1e-04
1e-04
1e-04
1e-04
1e-04
0.0002011263
1e-04
1e-04
1e-04
1e-04
1e-04
0.0004038772
1e-04
1e-04
1e-04
1e-04
0.0003913129
1e-04
1e-04
1e-04
1e-04
1e-04
1e-04
1e-04
1e-04
0.0001710571
1e-04
1e-04
1e-04
1e-04
1e-04
1e-04
1e-04
0.0001692334
1e-04
1e-04
1e-04
1e-04
1e-04
1e-04
0.0001490313
0.0001599744
0.0004651884
1e-04
1e-04
1e-04
0.0005689361
1e-04
1e-04
0.0007352941
1e-04
1e-04
0.0001644466
1e-04
1e-04
1e-04
1e-04
0.0009330099
0.00056926
0.0001838573
0.0001707359
1e-04
1e-04
1e-04
1e-04
1e-04
1e-04
1e-04
1e-04
0.0002883506
1e-04
1e-04
0.000352485
1e-04
0.000174703
1e-04
1e-04
1e-04
1e-04
1e-04
1e-04
1e-04
1e-04
1e-04
1e-04
1e-04
0.0001838235
0.0003297609
1e-04
1e-04
1e-04
1e-04
0.0001706485
0.0004061738
0.0005613772
1e-04
1e-04
1e-04
0.00037154
1e-04
1e-04
0.0003716091
0.000181653
1e-04
0.0004104248
1e-04
1e-04
1e-04
1e-04
1e-04
1e-04
0.0001958097
0.0004095004
1e-04
1e-04
1e-04
1e-04
1e-04
1e-04
1e-04
0.0001871257
1e-04
1e-04
1e-04
1e-04
1e-04
1e-04
1e-04
1e-04
1e-04
0.000188253
0.0001996805
1e-04
0.0001962709
0.0004062563
1e-04
1e-04
1e-04
1e-04
1e-04
1e-04
0.0001933114
1e-04
0.0001849454
1e-04
0.0003524229
1e-04
0.0001684352
1e-04
1e-04
1e-04
0.0001764914
1e-04
1e-04
0.0001945147
0.0002139037
1e-04
1e-04
1e-04
0.0003891808
1e-04
0.0003803004
1e-04
1e-04
1e-04
0.0004040404
1e-04
1e-04
0.0005374418
1e-04
1e-04
1e-04
1e-04
1e-04
1e-04
1e-04
0.0001430206
1e-04
1e-04
1e-04
1e-04
1e-04
0.0005449591
0.0002037075
0.0002081599
1e-04
0.000351803
1e-04
1e-04
1e-04
0.0001984521
0.0007826257
1e-04
0.0003063725
1e-04
1e-04
1e-04
0.0003818251
1e-04
0.0001742464
1e-04
1e-04
1e-04
1e-04
1e-04
1e-04
0.0002030457
1e-04
1e-04
0.000297619
1e-04
1e-04
1e-04
1e-04
1e-04
0.0003453635
0.0005102041
0.0003099814
1e-04
1e-04
1e-04
0.0001723247
1e-04
1e-04
1e-04
1e-04
0.0001723841
1e-04
1e-04
1e-04
1e-04
1e-04
0.000746826
1e-04
1e-04
1e-04
1e-04
1e-04
1e-04
1e-04
1e-04
1e-04
1e-04
1e-04
0.0008505209
1e-04
1e-04
1e-04
0.0002173913
0.000201491
0.0007774538
1e-04
0.0003862495
1e-04
1e-04
1e-04
1e-04
0.0008890469
1e-04
1e-04
1e-04
1e-04
0.0001979414
1e-04
1e-04
1e-04
1e-04
1e-04
1e-04
0.0002084202
1e-04
1e-04
1e-04
1e-04
1e-04
0.0002054654
1e-04
1e-04
1e-04
0.0002063558
1e-04
1e-04
1e-04
1e-04
1e-04
1e-04
1e-04
1e-04
1e-04
1e-04
1e-04
1e-04
0.0002122241
1e-04
1e-04
1e-04
1e-04
1e-04
1e-04
0.001299183
0.0006954103
1e-04
1e-04
0.0002093802
1e-04
1e-04
1e-04
1e-04
1e-04
1e-04
1e-04
0.0004013646
1e-04
0.00018093
1e-04
1e-04
0.0004318722
1e-04
1e-04
1e-04
1e-04
1e-04
1e-04
0.0003459011
1e-04
1e-04
0.0003998401
1e-04
1e-04
1e-04
1e-04
1e-04
1e-04
1e-04
1e-04
0.0002005214
1e-04
1e-04
1e-04
1e-04
1e-04
1e-04
0.0003861749
1e-04
1e-04
1e-04
0.0005857087
0.0004003203
1e-04
1e-04
1e-04
1e-04
1e-04
1e-04
1e-04
0.0006253909
0.000906454
0.0002133106
1e-04
0.0001835536
1e-04
1e-04
0.0001819505
1e-04
1e-04
1e-04
1e-04
0.0001666111
1e-04
1e-04
0.0009314456
1e-04
0.000816771
1e-04
1e-04
1e-04
1e-04
0.000141844
1e-04
1e-04
0.0001585289
0.0002090301
0.0003756574
1e-04
1e-04
0.000210482
1e-04
1e-04
1e-04
0.0001806358
0.0001917178
1e-04
1e-04
1e-04
1e-04
1e-04
0.0002139953
1e-04
1e-04
1e-04
1e-04
1e-04
0.0002002403
1e-04
1e-04
1e-04
1e-04
1e-04
1e-04
1e-04
1e-04
1e-04
0.0001104118
1e-04
0.0004214075
1e-04
1e-04
1e-04
0.0003849856
1e-04
1e-04
1e-04
1e-04
0.0001979414
1e-04
0.0001965795
0.0003984858
1e-04
1e-04
0.0001875117
1e-04
0.0002456399
1e-04
1e-04
1e-04
1e-04
1e-04
1e-04
1e-04
1e-04
0.0001818843
1e-04
0.0001799208
1e-04
0.0001575299
0.0001746115
1e-04
1e-04
1e-04
1e-04
1e-04
1e-04
0.0009643202
1e-04
1e-04
1e-04
0.000194439
1e-04
1e-04
1e-04
0.0001816201
1e-04
0.0001866368
0.0008350033
1e-04
1e-04
1e-04
1e-04
1e-04
1e-04
1e-04
1e-04
1e-04
1e-04
1e-04
0.0001787949
0.0004373815
0.0003081189
1e-04
0.0006430868
0.0001540595
0.000143947
1e-04
1e-04
1e-04
1e-04
1e-04
0.0005876304
0.0003332223
1e-04
1e-04
0.0002391772
1e-04
1e-04
1e-04
0.000172831
1e-04
0.0001576044
1e-04
1e-04
0.0003541076
1e-04
1e-04
1e-04
1e-04
1e-04
1e-04
1e-04
1e-04
1e-04
1e-04
0.0001832845
1e-04
1e-04
0.0005395683
0.0001874766
0.0008004803
0.000853388
1e-04
1e-04
0.0002017349
0.0004076641
1e-04
1e-04
1e-04
1e-04
1e-04
1e-04
1e-04
1e-04
1e-04
1e-04
1e-04
1e-04
0.0003539197
0.0003874467
0.0001780944
1e-04
0.0001758087
1e-04
1e-04
1e-04
1e-04
1e-04
1e-04
0.0005847953
1e-04
1e-04
1e-04
0.0001968117
1e-04
0.0005354036
0.000186846
1e-04
0.000489716
1e-04
0.0001908397
0.0003545471
0.0005105514
1e-04
1e-04
0.0003209243
0.0001489869
1e-04
1e-04
0.000341006
0.0001836547
0.0001939864
1e-04
1e-04
0.0001979806
0.0001670286
0.0007362686
0.0001734004
0.0005359057
1e-04
0.000500417
1e-04
0.0001768972
0.0001669728
0.000361076
1e-04
1e-04
0.0003455425
0.0006816633
1e-04
0.0001793079
1e-04
1e-04
1e-04
1e-04
0.0007272727
1e-04
1e-04
1e-04
1e-04
1e-04
1e-04
1e-04
0.0003750938
1e-04
1e-04
0.0001917546
1e-04
0.0001920492
1e-04
1e-04
1e-04
1e-04
1e-04
0.0004199916
1e-04
1e-04
1e-04
1e-04
1e-04
0.0005475452
1e-04
0.0006079027
0.0004043672
0.0001908033
0.0001961169
1e-04
0.0006246096
1e-04
1e-04
1e-04
1e-04
1e-04
1e-04
0.000189179
1e-04
1e-04
0.0001869508
1e-04
0.0003354016
1e-04
1e-04
1e-04
0.0003919263
1e-04
1e-04
1e-04
0.0003583587
0.0001917546
0.0008183306
0.0002064836
1e-04
1e-04
1e-04
1e-04
1e-04
1e-04
0.0001743375
1e-04
1e-04
1e-04
0.0002143163
1e-04
1e-04
1e-04
1e-04
0.0005837712
1e-04
1e-04
0.0007211105
1e-04
0.000166113
1e-04
1e-04
0.0001997204
1e-04
1e-04
0.0001873361
1e-04
1e-04
0.001006711
0.0003345041
1e-04
0.0002752167
0.0007281553
1e-04
1e-04
1e-04
1e-04
1e-04
1e-04
1e-04
1e-04
1e-04
1e-04
0.0001982161
1e-04
1e-04
1e-04
1e-04
0.0003976934
1e-04
1e-04
0.0001601794
1e-04
0.0009002926
1e-04
1e-04
0.000360036
1e-04
0.0001942879
1e-04
0.0001854256
1e-04
1e-04
1e-04
1e-04
1e-04
0.0001807011
0.0003499563
1e-04
1e-04
1e-04
1e-04
1e-04
0.000186846
1e-04
1e-04
1e-04
0.0001930875
0.0003965107
1e-04
1e-04
1e-04
1e-04
0.0003629105
1e-04
1e-04
0.0001807011
1e-04
1e-04
0.0003794346
0.0007804878
1e-04
0.0001991635
1e-04
1e-04
1e-04
0.0004112688
1e-04
0.0001929757
1e-04
0.000396118
0.0002122241
1e-04
1e-04
0.0003716091
1e-04
0.00040808
0.0002074689
1e-04
1e-04
1e-04
1e-04
1e-04
1e-04
1e-04
0.0002119093
0.0001984915
1e-04
0.0003975353
1e-04
1e-04
1e-04
1e-04
0.0001875821
0.0002180074
1e-04
1e-04
1e-04
1e-04
0.0002005616
0.0005714286
1e-04
1e-04
1e-04
1e-04
1e-04
1e-04
1e-04
0.0005431831
1e-04
1e-04
1e-04
0.000193836
1e-04
1e-04
1e-04
1e-04
0.0001952362
0.0003388108
1e-04
0.0001878287
1e-04
0.0003598417
1e-04
1e-04
1e-04
1e-04
0.0002118644
1e-04
1e-04
0.0001930875
1e-04
1e-04
1e-04
1e-04
1e-04
1e-04
1e-04
1e-04
1e-04
1e-04
1e-04
1e-04
0.0005489478
1e-04
1e-04
0.0009423294
1e-04
0.000382995
0.0003901678
1e-04
1e-04
1e-04
1e-04
1e-04
1e-04
0.0007026172
1e-04
1e-04
0.0005718643
1e-04
1e-04
1e-04
0.0003777862
1e-04
0.000173913
1e-04
1e-04
0.0001991635
0.0004070004
1e-04
1e-04
1e-04
1e-04
1e-04
1e-04
1e-04
0.0003662333
1e-04
1e-04
0.0005610623
0.0003808073
1e-04
1e-04
1e-04
0.0001950078
1e-04
1e-04
0.0006358627
1e-04
0.0001869508
1e-04
1e-04
1e-04
1e-04
0.0001994018
1e-04
1e-04
1e-04
1e-04
1e-04
1e-04
1e-04
1e-04
1e-04
0.0008257638
1e-04
1e-04
1e-04
1e-04
1e-04
0.0007671653
0.0004106776
0.0001973944
0.0002014504
1e-04
1e-04
1e-04
0.001215559
1e-04
1e-04
1e-04
1e-04
1e-04
0.0003878224
0.001107215
1e-04
1e-04
1e-04
1e-04
1e-04
1e-04
0.0003926959
1e-04
1e-04
1e-04
1e-04
1e-04
0.001364788
0.00020803
0.0005679667
0.0003665017
1e-04
0.0003832152
1e-04
0.0005427899
1e-04
1e-04
0.0006706908
1e-04
1e-04
1e-04
1e-04
0.0001876525
1e-04
0.0008006405
1e-04
0.0005633803
1e-04
1e-04
1e-04
1e-04
1e-04
1e-04
1e-04
0.0005780347
1e-04
1e-04
1e-04
0.0005594927
1e-04
1e-04
1e-04
1e-04
1e-04
1e-04
1e-04
0.000192604
1e-04
1e-04
1e-04
1e-04
0.0003943995
1e-04
1e-04
0.0003507541
1e-04
1e-04
1e-04
1e-04
1e-04
1e-04
1e-04
1e-04
0.0001882885
1e-04
1e-04
1e-04
0.0001952362
0.000204876
1e-04
1e-04
0.0001785395
0.0001716149
1e-04
0.0007371913
0.0001978631
1e-04
1e-04
1e-04
1e-04
1e-04
1e-04
1e-04
1e-04
1e-04
0.0005961844
1e-04
1e-04
1e-04
1e-04
1e-04
1e-04
1e-04
1e-04
1e-04
1e-04
1e-04
0.0001973944
1e-04
1e-04
1e-04
1e-04
0.0003878224
1e-04
0.0002079434
1e-04
1e-04
0.0003816794
0.0006157635
1e-04
1e-04
1e-04
0.0001930502
1e-04
1e-04
1e-04
0.0005876592
1e-04
1e-04
1e-04
0.000204876
1e-04
1e-04
1e-04
1e-04
1e-04
1e-04
1e-04
1e-04
1e-04
1e-04
0.0001811922
1e-04
1e-04
0.0001966182
0.0002089864
1e-04
0.000210615
1e-04
1e-04
1e-04
0.0001970443
1e-04
0.0001990842
1e-04
1e-04
1e-04
1e-04
0.0001898254
1e-04
1e-04
1e-04
0.0003988831
1e-04
1e-04
1e-04
1e-04
0.0009391435
0.000623053
0.0004118616
0.001001201
1e-04
1e-04
1e-04
1e-04
0.0001731002
1e-04
1e-04
0.0004029821
1e-04
1e-04
1e-04
1e-04
1e-04
1e-04
1e-04
1e-04
1e-04
1e-04
1e-04
1e-04
1e-04
1e-04
1e-04
0.0004145937
1e-04
1e-04
1e-04
1e-04
1e-04
0.000195848
1e-04
1e-04
0.0001918649
1e-04
1e-04
1e-04
0.0001962709
1e-04
1e-04
1e-04
0.0002005616
0.0001992032
1e-04
1e-04
1e-04
1e-04
1e-04
1e-04
0.0002005616
1e-04
0.000793336
1e-04
1e-04
1e-04
1e-04
1e-04
0.0004060914
1e-04
0.0004135649
1e-04
1e-04
1e-04
1e-04
1e-04
1e-04
1e-04
0.001189061
1e-04
1e-04
0.000387672
1e-04
1e-04
1e-04
1e-04
0.0007887991
1e-04
0.0002061856
1e-04
1e-04
1e-04
1e-04
1e-04
1e-04
1e-04
1e-04
1e-04
1e-04
1e-04
0.0001908033
1e-04
0.0001982947
1e-04
1e-04
0.0004037142
1e-04
1e-04
1e-04
0.0003990423
1e-04
0.0006008412
1e-04
1e-04
1e-04
0.0002047083
0.0001877934
1e-04
1e-04
0.0004104248
1e-04
1e-04
1e-04
1e-04
1e-04
1e-04
1e-04
1e-04
1e-04
1e-04
1e-04
1e-04
0.0001904399
1e-04
0.000199561
1e-04
1e-04
0.0001773364
1e-04
1e-04
1e-04
0.0001975894
1e-04
0.001028807
0.0001823819
1e-04
1e-04
1e-04
0.0001960016
1e-04
1e-04
1e-04
1e-04
0.000391466
1e-04
1e-04
0.000201005
1e-04
1e-04
1e-04
1e-04
1e-04
0.0005511666
1e-04
1e-04
1e-04
0.0006106249
0.0002496256
1e-04
0.0006273526
1e-04
0.0001962709
1e-04
0.0006004804
1e-04
0.000190295
1e-04
0.0001786991
0.0001965023
1e-04
1e-04
0.0001890359
0.0001955417
0.0001929385
1e-04
1e-04
1e-04
1e-04
1e-04
1e-04
1e-04
1e-04
0.0002206045
1e-04
1e-04
1e-04
1e-04
1e-04
0.0004177982
1e-04
1e-04
1e-04
1e-04
1e-04
1e-04
1e-04
1e-04
2e-04
1e-04
0.0001881822
1e-04
1e-04
0.000415714
1e-04
1e-04
1e-04
1e-04
0.0002085506
1e-04
0.0002032107
1e-04
1e-04
0.0003649635
0.0006179197
1e-04
1e-04
1e-04
1e-04
0.0002035002
1e-04
0.0007293946
1e-04
0.0002014504
1e-04
1e-04
1e-04
1e-04
1e-04
1e-04
1e-04
0.001386963
1e-04
0.0001653439
0.0003705076
1e-04
1e-04
0.0005959476
1e-04
1e-04
0.0001828822
0.0003739017
0.0002099958
1e-04
0.0001952744
1e-04
1e-04
1e-04
1e-04
1e-04
0.0003811702
0.0002027986
1e-04
1e-04
1e-04
0.0005779233
1e-04
1e-04
1e-04
1e-04
1e-04
0.000390625
0.0004082466
1e-04
0.0002087683
1e-04
1e-04
0.00020404
1e-04
1e-04
1e-04
1e-04
1e-04
1e-04
1e-04
1e-04
0.0006145023
1e-04
1e-04
1e-04
0.0001953125
1e-04
1e-04
1e-04
1e-04
1e-04
1e-04
1e-04
0.0006238303
0.0002012882
1e-04
1e-04
0.0004016064
1e-04
1e-04
1e-04
0.000660793
1e-04
0.0006022887
1e-04
1e-04
1e-04
1e-04
1e-04
1e-04
1e-04
1e-04
0.0004441483
1e-04
1e-04
0.0004415011
1e-04
1e-04
1e-04
1e-04
1e-04
1e-04
1e-04
0.0004081633
1e-04
1e-04
1e-04
1e-04
1e-04
1e-04
0.0001994018
1e-04
1e-04
1e-04
1e-04
0.000177841
1e-04
1e-04
1e-04
1e-04
0.0005906675
1e-04
0.0004035513
1e-04
0.0003508156
0.0001991635
0.0004119464
1e-04
1e-04
1e-04
1e-04
1e-04
0.0001836885
1e-04
1e-04
1e-04
0.0006252605
0.001121831
1e-04
1e-04
1e-04
1e-04
0.0003324468
1e-04
1e-04
1e-04
1e-04
1e-04
1e-04
1e-04
1e-04
1e-04
1e-04
0.0001720282
1e-04
1e-04
0.0001935734
0.0004191993
1e-04
1e-04
1e-04
1e-04
1e-04
1e-04
1e-04
1e-04
0.0001572327
1e-04
1e-04
0.0003750234
1e-04
1e-04
1e-04
1e-04
1e-04
1e-04
0.0003440564
1e-04
0.0001608234
1e-04
0.00020803
1e-04
1e-04
0.0001961554
1e-04
1e-04
1e-04
0.0003894081
1e-04
1e-04
0.0002315351
1e-04
1e-04
1e-04
1e-04
0.0002016942
1e-04
0.001184834
1e-04
1e-04
0.0004177982
1e-04
1e-04
1e-04
1e-04
0.0001793079
1e-04
1e-04
0.0001996008
0.0001981768
0.0002024701
1e-04
1e-04
1e-04
1e-04
1e-04
1e-04
0.000420433
1e-04
0.0003987241
1e-04
0.0001907669
1e-04
1e-04
1e-04
1e-04
1e-04
1e-04
1e-04
1e-04
1e-04
0.0001927154
0.0001781261
0.0003954132
1e-04
1e-04
1e-04
1e-04
1e-04
1e-04
1e-04
1e-04
0.0002090738
1e-04
0.00020404
1e-04
0.0002095997
0.0007864727
1e-04
1e-04
0.0001908397
1e-04
1e-04
1e-04
1e-04
1e-04
0.0001908397
1e-04
1e-04
0.000580945
1e-04
1e-04
1e-04
1e-04
1e-04
1e-04
1e-04
1e-04
0.0003511853
1e-04
1e-04
1e-04
1e-04
0.0003849856
0.0001973944
1e-04
1e-04
1e-04
0.00019992
1e-04
1e-04
1e-04
1e-04
0.0006357279
0.0004046945
0.0003892565
1e-04
0.0003790751
1e-04
1e-04
0.0004099201
1e-04
1e-04
0.000622665
1e-04
1e-04
1e-04
1e-04
0.0001958864
1e-04
1e-04
1e-04
1e-04
1e-04
1e-04
1e-04
1e-04
1e-04
0.0008890206
0.0005643341
1e-04
1e-04
1e-04
1e-04
1e-04
0.0003646973
1e-04
1e-04
1e-04
0.0001880053
1e-04
1e-04
1e-04
1e-04
1e-04
1e-04
1e-04
0.0003593245
0.0003305239
1e-04
1e-04
1e-04
1e-04
0.0001813894
0.0007022472
1e-04
1e-04
1e-04
1e-04
0.00020404
1e-04
1e-04
1e-04
0.0005211953
1e-04
1e-04
1e-04
0.0001577038
1e-04
1e-04
1e-04
1e-04
1e-04
0.0003548616
1e-04
1e-04
0.0003320604
1e-04
0.0001528818
1e-04
1e-04
1e-04
1e-04
0.000194704
1e-04
1e-04
0.0001974724
1e-04
0.000749204
1e-04
1e-04
1e-04
1e-04
0.0009416196
1e-04
1e-04
1e-04
1e-04
1e-04
0.0001573069
1e-04
1e-04
1e-04
1e-04
1e-04
1e-04
1e-04
1e-04
1e-04
1e-04
1e-04
1e-04
1e-04
1e-04
1e-04
1e-04
1e-04
1e-04
0.0007256894
0.0001982554
1e-04
1e-04
1e-04
1e-04
1e-04
1e-04
0.0001633453
0.0001928268
1e-04
1e-04
1e-04
0.0002992668
0.0001493206
0.0001789549
1e-04
1e-04
1e-04
0.0001725626
1e-04
1e-04
0.0001727713
1e-04
1e-04
1e-04
1e-04
1e-04
1e-04
1e-04
0.0002012882
1e-04
0.0002023882
0.0001797591
0.0001912046
0.0003772161
1e-04
0.0009237022
1e-04
1e-04
1e-04
1e-04
1e-04
0.0001986887
0.00083022
0.0003347841
1e-04
1e-04
1e-04
1e-04
1e-04
0.0001994018
0.0005252101
1e-04
0.0009487666
0.0003357958
0.00049132
1e-04
1e-04
1e-04
0.0001949698
0.0002150075
0.0005780347
1e-04
1e-04
0.000325362
1e-04
0.0001574307
1e-04
1e-04
1e-04
1e-04
1e-04
1e-04
1e-04
1e-04
1e-04
1e-04
1e-04
0.0001833517
1e-04
1e-04
1e-04
0.0001913143
1e-04
0.0003971406
1e-04
0.0005151099
1e-04
1e-04
1e-04
1e-04
1e-04
1e-04
1e-04
1e-04
0.0004708837
1e-04
1e-04
1e-04
0.0007678526
1e-04
1e-04
1e-04
1e-04
0.0002092926
0.0003650968
1e-04
1e-04
1e-04
1e-04
0.0001840265
1e-04
1e-04
1e-04
0.0001964251
1e-04
1e-04
1e-04
1e-04
1e-04
1e-04
1e-04
0.0003311807
0.0006298551
1e-04
1e-04
0.0003766478
0.0008190008
1e-04
0.0005661446
1e-04
1e-04
0.0002012072
1e-04
1e-04
1e-04
1e-04
0.000393391
1e-04
1e-04
1e-04
1e-04
1e-04
0.0001829826
0.0004222973
0.0003647638
1e-04
1e-04
1e-04
0.000162893
1e-04
1e-04
1e-04
0.0004012841
1e-04
0.0003861749
1e-04
1e-04
1e-04
1e-04
1e-04
0.0004054328
0.0003762227
0.00019516
0.0002058037
1e-04
0.0003099334
1e-04
1e-04
1e-04
0.000187864
1e-04
0.0001507841
1e-04
1e-04
1e-04
1e-04
0.0002021019
1e-04
0.00020803
0.0002032107
1e-04
1e-04
1e-04
0.0003831418
1e-04
1e-04
0.0001947799
0.0004150239
0.0007883327
0.0005678592
0.0001944769
0.0007763975
1e-04
1e-04
1e-04
1e-04
1e-04
1e-04
1e-04
1e-04
1e-04
1e-04
1e-04
0.0002134472
1e-04
1e-04
1e-04
1e-04
1e-04
1e-04
0.0001975504
0.000166113
1e-04
0.0001775253
1e-04
0.0003804451
0.000203376
1e-04
1e-04
1e-04
0.0002165909
0.0003891808
0.0003074558
1e-04
1e-04
0.0003708511
0.0001936858
1e-04
0.0007661368
0.0001801477
1e-04
0.0001718508
0.0002174386
1e-04
1e-04
0.0003544842
0.0001913876
1e-04
0.0001809627
1e-04
1e-04
1e-04
1e-04
0.0001780944
0.0001921968
1e-04
0.0001808973
1e-04
1e-04
0.0003711264
1e-04
1e-04
0.0001858736
1e-04
1e-04
1e-04
1e-04
1e-04
1e-04
1e-04
0.0001902226
1e-04
1e-04
1e-04
1e-04
1e-04
1e-04
1e-04
1e-04
0.000224165
1e-04
1e-04
1e-04
1e-04
1e-04
1e-04
0.0003935458
0.0001992032
0.0001820499
1e-04
1e-04
0.0003954132
0.0007753441
1e-04
1e-04
1e-04
0.000205719
1e-04
1e-04
0.000349895
1e-04
0.0002002804
0.0003898635
0.0002082899
1e-04
1e-04
1e-04
0.0001852538
1e-04
1e-04
1e-04
0.0002016536
1e-04
1e-04
1e-04
1e-04
1e-04
1e-04
1e-04
0.0001871608
1e-04
0.000219106
1e-04
0.0002185315
1e-04
0.0001833517
1e-04
1e-04
0.0003947888
1e-04
1e-04
1e-04
1e-04
1e-04
0.0008059641
1e-04
1e-04
1e-04
0.0004554771
1e-04
1e-04
0.000201491
1e-04
1e-04
1e-04
1e-04
1e-04
0.0001859773
1e-04
1e-04
0.0007652573
1e-04
1e-04
1e-04
1e-04
1e-04
1e-04
1e-04
1e-04
1e-04
1e-04
0.0003139717
1e-04
1e-04
1e-04
1e-04
1e-04
1e-04
1e-04
1e-04
1e-04
1e-04
0.0007963369
1e-04
1e-04
1e-04
0.0003621876
0.0003732736
1e-04
1e-04
0.0001768972
0.000244918
1e-04
1e-04
0.000621504
1e-04
1e-04
1e-04
1e-04
1e-04
1e-04
0.0003707136
1e-04
1e-04
1e-04
0.0001948938
0.0003592599
0.0003781433
1e-04
1e-04
1e-04
0.0008247423
0.0005473454
1e-04
0.0001773364
1e-04
1e-04
1e-04
1e-04
1e-04
1e-04
1e-04
1e-04
1e-04
1e-04
0.0003632401
1e-04
1e-04
0.0001900418
1e-04
1e-04
0.0003617291
1e-04
1e-04
1e-04
1e-04
1e-04
0.0005906675
1e-04
1e-04
1e-04
1e-04
0.0003958828
1e-04
1e-04
1e-04
0.0001895735
1e-04
0.0001893581
1e-04
1e-04
1e-04
1e-04
1e-04
1e-04
1e-04
0.0008329863
1e-04
1e-04
1e-04
0.000209205
0.0001786033
0.0004105933
1e-04
1e-04
1e-04
1e-04
1e-04
0.0003541076
0.00058812
1e-04
0.0001851166
1e-04
0.0001420253
1e-04
1e-04
0.000175162
1e-04
1e-04
0.0006061831
1e-04
0.0002030869
1e-04
1e-04
1e-04
1e-04
1e-04
1e-04
1e-04
1e-04
0.0001988467
1e-04
1e-04
1e-04
1e-04
1e-04
0.0004658747
1e-04
0.0001950458
0.0003291098
1e-04
0.001012966
1e-04
0.0001350621
1e-04
1e-04
0.0001566661
1e-04
1e-04
1e-04
1e-04
1e-04
1e-04
0.0003347841
1e-04
0.0006100041
1e-04
0.000148236
1e-04
1e-04
1e-04
1e-04
0.0005803831
1e-04
1e-04
1e-04
1e-04
1e-04
0.0001621534
1e-04
0.000595061
1e-04
1e-04
0.0003554924
0.0001982947
0.0003109936
1e-04
1e-04
1e-04
1e-04
1e-04
0.0002039152
1e-04
1e-04
1e-04
1e-04
1e-04
1e-04
1e-04
1e-04
1e-04
1e-04
1e-04
1e-04
0.0001970443
1e-04
0.0002024701
1e-04
1e-04
1e-04
1e-04
1e-04
1e-04
1e-04
0.0002092926
1e-04
1e-04
1e-04
0.001027221
1e-04
1e-04
0.0008526967
0.0003227368
1e-04
1e-04
0.000195733
1e-04
0.0001887505
1e-04
1e-04
1e-04
1e-04
1e-04
1e-04
1e-04
1e-04
1e-04
1e-04
0.0001887861
1e-04
1e-04
1e-04
1e-04
1e-04
1e-04
0.00039208
1e-04
1e-04
1e-04
1e-04
1e-04
1e-04
0.0003465003
1e-04
1e-04
1e-04
0.0004465615
0.0004968533
1e-04
1e-04
0.0001837897
0.0001723247
0.0001881468
1e-04
0.0003830684
1e-04
1e-04
1e-04
1e-04
0.0001977066
0.0001506251
0.0001844338
1e-04
1e-04
0.00030409
1e-04
1e-04
0.0001964637
1e-04
1e-04
1e-04
1e-04
1e-04
1e-04
1e-04
1e-04
1e-04
1e-04
1e-04
1e-04
1e-04
1e-04
1e-04
1e-04
0.0006202191
1e-04
1e-04
1e-04
0.0001963865
0.0007936508
1e-04
1e-04
1e-04
1e-04
1e-04
1e-04
1e-04
1e-04
1e-04
0.0002008032
1e-04
1e-04
1e-04
0.0001975114
0.0001901502
1e-04
1e-04
1e-04
1e-04
0.0002635741
0.0001885725
1e-04
0.000193461
0.0003402518
0.0001322576
1e-04
1e-04
0.0001978239
1e-04
1e-04
1e-04
1e-04
1e-04
0.0001806685
1e-04
0.0003797228
0.0003873717
0.0001752541
1e-04
1e-04
1e-04
1e-04
0.0001975894
1e-04
0.0007342144
1e-04
1e-04
1e-04
1e-04
1e-04
0.000398327
0.0001894298
0.0002025522
1e-04
0.0002037905
1e-04
0.0001966568
1e-04
1e-04
0.0003758692
1e-04
1e-04
1e-04
0.0008216927
0.0002084636
0.0001838911
1e-04
1e-04
1e-04
1e-04
0.0005656109
1e-04
0.0002042484
1e-04
1e-04
1e-04
1e-04
1e-04
0.0003856537
0.000534188
1e-04
1e-04
1e-04
1e-04
1e-04
1e-04
1e-04
1e-04
1e-04
1e-04
1e-04
1e-04
1e-04
0.0004243582
0.000204165
1e-04
1e-04
1e-04
0.0002147766
1e-04
1e-04
0.0006061831
1e-04
1e-04
1e-04
1e-04
1e-04
1e-04
1e-04
1e-04
1e-04
1e-04
1e-04
0.0001101322
0.0001375327
1e-04
0.0003575898
1e-04
1e-04
0.0001873361
1e-04
0.0004021717
1e-04
0.0003582303
1e-04
1e-04
1e-04
1e-04
0.0001876173
0.0003778575
0.0003884249
1e-04
0.0001897173
1e-04
1e-04
0.0002042484
1e-04
1e-04
1e-04
1e-04
0.0002069965
1e-04
0.000410762
0.0002132651
0.0002056767
0.0001953888
1e-04
1e-04
0.0002057613
1e-04
1e-04
1e-04
1e-04
1e-04
1e-04
0.001912412
1e-04
0.000538503
0.0004053506
1e-04
1e-04
1e-04
1e-04
0.0001880406
0.0002013288
1e-04
1e-04
0.0001879346
0.0002043318
1e-04
1e-04
1e-04
1e-04
0.0004003203
1e-04
1e-04
1e-04
1e-04
1e-04
0.0007652573
1e-04
1e-04
1e-04
1e-04
1e-04
1e-04
1e-04
1e-04
0.0001898614
1e-04
1e-04
1e-04
1e-04
1e-04
0.0001834189
1e-04
0.0001994416
1e-04
1e-04
1e-04
1e-04
1e-04
0.000199561
1e-04
0.000201491
1e-04
1e-04
1e-04
1e-04
0.0004590666
1e-04
1e-04
1e-04
1e-04
1e-04
1e-04
1e-04
0.0001718213
0.0001955034
1e-04
0.0008269931
1e-04
1e-04
1e-04
1e-04
1e-04
1e-04
0.0003767898
0.0004043672
1e-04
1e-04
0.0001997204
0.0003803004
1e-04
0.0004763417
1e-04
1e-04
0.0007228567
1e-04
1e-04
1e-04
1e-04
0.000334616
0.0005616926
0.000407249
1e-04
1e-04
0.0001905125
1e-04
1e-04
0.0001994813
0.001058201
0.0004199034
0.001224418
1e-04
1e-04
1e-04
1e-04
1e-04
0.000390625
1e-04
1e-04
1e-04
0.0003864734
1e-04
1e-04
1e-04
1e-04
0.0001982554
1e-04
1e-04
1e-04
1e-04
0.0001843318
0.0001752234
0.0001869508
0.000348675
1e-04
1e-04
1e-04
0.0001662234
0.0001487652
1e-04
0.0005946482
0.0007417022
1e-04
0.0003459011
0.0001717623
0.0001935359
1e-04
1e-04
0.0001914975
1e-04
1e-04
0.0001961938
1e-04
0.0001668892
1e-04
1e-04
1e-04
1e-04
1e-04
1e-04
0.0008801267
1e-04
1e-04
0.0002039984
0.0007354293
1e-04
0.0001934236
1e-04
1e-04
0.0001911315
1e-04
0.0005737235
0.0003785728
1e-04
1e-04
1e-04
0.0001950458
0.0005042017
1e-04
1e-04
0.0001860465
0.0003481288
1e-04
0.0003757986
1e-04
0.0001712036
1e-04
0.0001724435
0.000190949
0.0003667706
1e-04
0.0002061856
0.0007601095
1e-04
1e-04
1e-04
1e-04
0.0001744896
1e-04
1e-04
1e-04
1e-04
1e-04
1e-04
1e-04
1e-04
0.0001887505
0.0002034174
1e-04
1e-04
1e-04
1e-04
1e-04
1e-04
0.0003584872
1e-04
1e-04
1e-04
0.0007934934
1e-04
0.0002017756
0.000755287
1e-04
1e-04
1e-04
1e-04
1e-04
1e-04
1e-04
0.0003803728
1e-04
0.0006918021
1e-04
0.0004531722
1e-04
0.000359389
1e-04
0.0001923447
0.0001875469
1e-04
1e-04
1e-04
1e-04
1e-04
1e-04
0.0003930045
1e-04
1e-04
1e-04
1e-04
1e-04
1e-04
1e-04
1e-04
1e-04
0.0001751927
1e-04
1e-04
0.000652848
1e-04
1e-04
0.0003760105
1e-04
1e-04
1e-04
1e-04
1e-04
1e-04
0.000216263
1e-04
1e-04
1e-04
1e-04
1e-04
1e-04
1e-04
1e-04
0.0001976285
1e-04
0.0003781433
0.000163292
0.0004942339
0.0006032576
1e-04
0.0005779233
0.0003748828
0.001150748
1e-04
0.0007864727
0.0009656238
1e-04
1e-04
1e-04
1e-04
0.000172503
1e-04
1e-04
1e-04
1e-04
1e-04
1e-04
0.0001771479
1e-04
1e-04
1e-04
0.0005446623
1e-04
1e-04
1e-04
0.0005695842
0.0005906675
1e-04
1e-04
0.0002705262
0.00132648
1e-04
1e-04
1e-04
0.0001963094
1e-04
1e-04
1e-04
1e-04
0.0001983733
1e-04
1e-04
1e-04
0.0001906214
1e-04
1e-04
1e-04
1e-04
1e-04
1e-04
0.0002010454
1e-04
1e-04
0.0005744925
1e-04
1e-04
1e-04
1e-04
1e-04
1e-04
1e-04
0.0001979806
1e-04
0.0001878287
0.0001537043
1e-04
1e-04
1e-04
1e-04
1e-04
1e-04
1e-04
1e-04
0.0002072539
0.000394244
1e-04
1e-04
1e-04
1e-04
1e-04
1e-04
1e-04
1e-04
0.0001188213
0.00020004
1e-04
1e-04
1e-04
0.0001959632
1e-04
0.0001830831
1e-04
1e-04
0.0001826818
1e-04
1e-04
1e-04
1e-04
1e-04
0.0004535833
1e-04
1e-04
0.0006349206
1e-04
1e-04
1e-04
0.0002079867
1e-04
1e-04
1e-04
1e-04
1e-04
1e-04
1e-04
1e-04
0.0001918649
1e-04
1e-04
0.0002008032
0.0004653327
0.0002064836
1e-04
0.001396648
1e-04
1e-04
1e-04
1e-04
1e-04
1e-04
1e-04
1e-04
1e-04
0.0001766784
1e-04
0.0002021836
1e-04
0.0002746498
0.000921659
1e-04
1e-04
1e-04
0.0001805706
1e-04
1e-04
1e-04
1e-04
1e-04
1e-04
1e-04
0.0001943257
1e-04
1e-04
1e-04
0.0002138123
0.0001615509
1e-04
0.0001825484
1e-04
0.0001676165
0.0001707067
1e-04
0.0003700962
1e-04
0.0005173306
1e-04
1e-04
1e-04
0.0001972387
1e-04
1e-04
1e-04
1e-04
1e-04
1e-04
1e-04
1e-04
1e-04
0.0001888931
1e-04
0.0003987241
1e-04
1e-04
1e-04
0.0001576044
1e-04
1e-04
1e-04
1e-04
1e-04
1e-04
1e-04
1e-04
1e-04
1e-04
1e-04
0.0002090301
1e-04
0.0003922338
1e-04
1e-04
0.0004069176
0.0001873361
1e-04
1e-04
0.0001875117
0.0005663583
1e-04
0.0008819898
0.0001950458
0.0001575548
1e-04
1e-04
1e-04
0.0001509662
1e-04
1e-04
1e-04
0.0003278689
1e-04
1e-04
0.0001394311
0.0005864243
1e-04
1e-04
1e-04
1e-04
1e-04
1e-04
1e-04
0.0005824112
1e-04
1e-04
0.0001901141
1e-04
1e-04
0.0001959248
1e-04
1e-04
1e-04
0.0001931248
0.0001851509
1e-04
1e-04
1e-04
0.0001843998
0.0003900156
0.0001956182
1e-04
1e-04
1e-04
1e-04
1e-04
0.000756859
1e-04
1e-04
1e-04
1e-04
0.0006695681
1e-04
0.0003907013
1e-04
0.0003605553
0.0003644315
0.0001914975
0.0001473622
0.0001818182
1e-04
1e-04
1e-04
0.0001884659
1e-04
1e-04
1e-04
1e-04
1e-04
0.0001969279
0.0003958828
0.0002087683
1e-04
1e-04
0.0003471017
1e-04
1e-04
1e-04
0.0001981768
1e-04
0.0005629574
0.0005897385
1e-04
0.0001811266
1e-04
1e-04
1e-04
1e-04
0.0006167763
1e-04
1e-04
1e-04
1e-04
0.0001926411
1e-04
0.0003133323
1e-04
1e-04
1e-04
1e-04
1e-04
1e-04
1e-04
1e-04
1e-04
0.0003921569
1e-04
1e-04
0.0006738544
1e-04
0.000218627
1e-04
1e-04
1e-04
0.0003408897
1e-04
0.0001901864
1e-04
1e-04
0.0004024145
0.0007843137
0.0004122012
0.0001973165
1e-04
1e-04
1e-04
1e-04
1e-04
1e-04
1e-04
0.0001862891
1e-04
1e-04
0.000873744
1e-04
1e-04
1e-04
0.0003900917
1e-04
1e-04
0.0003475843
0.0001866368
1e-04
0.0003978516
1e-04
0.0001892148
1e-04
1e-04
1e-04
1e-04
1e-04
1e-04
0.0004798464
0.0001545595
0.000192123
1e-04
0.0003918495
1e-04
0.0002617116
1e-04
1e-04
1e-04
1e-04
1e-04
1e-04
1e-04
1e-04
1e-04
1e-04
1e-04
1e-04
1e-04
1e-04
1e-04
1e-04
0.0002833664
1e-04
1e-04
1e-04
0.0005768122
0.0001797591
1e-04
1e-04
1e-04
1e-04
1e-04
1e-04
0.0005926511
0.0005526898
1e-04
1e-04
1e-04
0.0005721915
1e-04
1e-04
1e-04
1e-04
1e-04
1e-04
1e-04
1e-04
1e-04
1e-04
0.0005287275
1e-04
0.0007342144
1e-04
1e-04
1e-04
0.0001998801
1e-04
0.0001812908
0.0003964321
1e-04
1e-04
1e-04
1e-04
1e-04
0.0003648969
1e-04
0.000195733
0.0002301496
1e-04
1e-04
1e-04
1e-04
1e-04
1e-04
0.0003754458
1e-04
1e-04
1e-04
1e-04
1e-04
1e-04
1e-04
1e-04
1e-04
0.0002063132
1e-04
1e-04
1e-04
1e-04
1e-04
1e-04
1e-04
1e-04
1e-04
0.0005955926
0.0002008032
1e-04
1e-04
1e-04
1e-04
1e-04
1e-04
1e-04
1e-04
1e-04
1e-04
1e-04
1e-04
1e-04
1e-04
0.0005890438
1e-04
0.000200441
1e-04
0.0005890438
1e-04
1e-04
1e-04
0.0005671078
0.0003666361
0.0003261047
1e-04
1e-04
1e-04
1e-04
1e-04
0.0003695492
0.0001929012
0.0003954132
1e-04
1e-04
1e-04
1e-04
1e-04
1e-04
1e-04
1e-04
1e-04
1e-04
1e-04
1e-04
0.0001960016
1e-04
1e-04
1e-04
1e-04
1e-04
0.0005992809
0.0006004804
1e-04
1e-04
0.0002018978
1e-04
1e-04
1e-04
1e-04
0.0002050861
0.0001940617
1e-04
1e-04
1e-04
1e-04
1e-04
1e-04
1e-04
1e-04
1e-04
0.0001917913
0.0001832173
1e-04
0.0001965023
1e-04
0.0001981768
0.0001739736
0.0001613424
0.0001908033
1e-04
1e-04
1e-04
0.0003551767
1e-04
0.000178444
0.0001892148
1e-04
1e-04
1e-04
1e-04
1e-04
1e-04
1e-04
0.0001990842
1e-04
0.0001727116
1e-04
1e-04
0.0005918327
0.0007607455
0.0003768607
1e-04
1e-04
0.0001644466
0.0004415986
1e-04
1e-04
1e-04
1e-04
0.000193836
1e-04
1e-04
0.0002027575
0.0003829217
1e-04
1e-04
0.0002075981
1e-04
0.0002041233
1e-04
1e-04
1e-04
1e-04
1e-04
1e-04
0.0002064836
1e-04
1e-04
0.0004084967
0.000162022
1e-04
0.000198059
0.0001920123
1e-04
1e-04
1e-04
1e-04
1e-04
0.0001678416
1e-04
0.000162206
1e-04
1e-04
0.0009444145
1e-04
1e-04
0.0003355142
0.0001812908
0.0003400782
0.0001644196
1e-04
0.0001468213
0.0001193745
1e-04
1e-04
0.0004503152
1e-04
1e-04
1e-04
0.001075269
1e-04
1e-04
0.0002926972
1e-04
0.000138485
1e-04
0.0003240441
1e-04
0.0003463203
1e-04
0.0005506608
1e-04
0.0004195804
0.0003956479
0.0003676471
0.0009606148
1e-04
1e-04
0.0001801802
1e-04
0.0001992032
0.003220612
0.0003803004
1e-04
1e-04
1e-04
1e-04
1e-04
1e-04
0.000966931
1e-04
0.0002078138
1e-04
1e-04
1e-04
1e-04
0.0001901141
1e-04
1e-04
0.0005655042
1e-04
1e-04
0.000581508
0.0001855288
1e-04
1e-04
1e-04
0.0003969829
1e-04
0.0003709199
1e-04
1e-04
1e-04
0.0001945147
1e-04
1e-04
1e-04
1e-04
0.0002043318
1e-04
1e-04
1e-04
0.0003977725
1e-04
1e-04
0.0006026517
0.0001942879
1e-04
0.0004169272
0.0001566171
1e-04
0.0007167174
0.0002009646
0.0001923447
1e-04
0.0002019794
1e-04
0.0005750431
0.0004938272
1e-04
1e-04
1e-04
0.0001643926
0.0001526019
1e-04
1e-04
1e-04
1e-04
1e-04
1e-04
1e-04
0.0006913239
1e-04
0.000179501
1e-04
1e-04
0.001186709
1e-04
1e-04
1e-04
0.0009948269
1e-04
1e-04
1e-04
1e-04
0.000245459
0.0003690718
1e-04
1e-04
0.001418152
1e-04
1e-04
0.0003881234
1e-04
1e-04
0.0007643799
0.0001906941
1e-04
1e-04
1e-04
1e-04
1e-04
1e-04
0.0001843998
1e-04
0.001189061
1e-04
0.001216052
0.0003615329
1e-04
0.0001755618
1e-04
1e-04
1e-04
1e-04
1e-04
1e-04
1e-04
1e-04
0.000204499
1e-04
1e-04
1e-04
1e-04
1e-04
1e-04
0.0003762935
1e-04
1e-04
0.000197122
0.0008435259
1e-04
0.0001344628
1e-04
1e-04
0.0001958864
1e-04
0.000190295
1e-04
0.0001848771
1e-04
0.000274763
1e-04
1e-04
0.0001934236
1e-04
1e-04
0.0001969667
0.0001674201
1e-04
1e-04
1e-04
1e-04
0.0001699524
1e-04
1e-04
0.0001749475
1e-04
0.0001992429
1e-04
0.0001510574
0.0003604253
0.0001972776
1e-04
1e-04
0.0001996805
0.0001472754
1e-04
1e-04
0.0001814224
1e-04
0.000204918
0.0005027652
1e-04
1e-04
1e-04
0.0001653439
1e-04
1e-04
0.0003945551
1e-04
0.0003949447
0.0007239033
1e-04
0.0001945147
0.0001716444
0.001077006
0.0002023063
1e-04
1e-04
1e-04
0.0001831837
1e-04
1e-04
0.0009778995
1e-04
0.000396668
1e-04
1e-04
1e-04
0.001315573
1e-04
1e-04
1e-04
1e-04
0.0007365126
1e-04
1e-04
1e-04
0.0001852881
1e-04
1e-04
0.0001979022
0.0001987281
0.0003727866
1e-04
1e-04
0.0002072539
1e-04
1e-04
1e-04
1e-04
0.0003713331
0.0004094166
0.0001980983
0.0004004004
1e-04
1e-04
1e-04
1e-04
1e-04
1e-04
1e-04
0.0003327787
0.000363901
1e-04
1e-04
1e-04
0.0001901864
1e-04
1e-04
1e-04
1e-04
0.0005354274
0.0003626473
0.0003640335
1e-04
1e-04
1e-04
0.0001949318
0.0003938558
1e-04
1e-04
0.0001879346
1e-04
1e-04
1e-04
1e-04
0.0002015316
0.0004004004
0.0005497526
1e-04
1e-04
0.0001903674
0.0001990842
0.000184196
1e-04
1e-04
0.000204165
0.0004579803
1e-04
1e-04
0.0002079434
0.0005092946
1e-04
0.0003911598
1e-04
1e-04
0.0001863933
1e-04
0.0001855288
1e-04
0.0005863956
0.0002004008
1e-04
1e-04
1e-04
0.0001518603
1e-04
1e-04
1e-04
1e-04
1e-04
0.0003974563
1e-04
0.0004407228
0.0003707824
1e-04
0.000382263
1e-04
1e-04
1e-04
1e-04
1e-04
0.0002047502
1e-04
0.0003928501
0.0002030045
1e-04
1e-04
0.0005117707
1e-04
0.0004219409
0.0005127329
1e-04
1e-04
0.0002593025
1e-04
1e-04
1e-04
0.0001736714
1e-04
1e-04
0.0003923877
0.0001928268
1e-04
1e-04
1e-04
1e-04
0.0001945904
1e-04
1e-04
1e-04
1e-04
1e-04
1e-04
1e-04
0.0002021427
1e-04
1e-04
0.0003509388
1e-04
1e-04
1e-04
1e-04
0.0005231037
0.0001970443
1e-04
1e-04
1e-04
0.00114482
1e-04
0.0003561888
1e-04
0.0003146633
0.000159185
0.0007791196
0.0001939488
1e-04
0.0001685772
1e-04
0.0001855976
1e-04
1e-04
0.0007836991
0.0004955401
1e-04
0.00102424
1e-04
1e-04
1e-04
1e-04
1e-04
1e-04
0.0001953888
1e-04
0.0004055972
1e-04
1e-04
1e-04
1e-04
0.0006909656
1e-04
1e-04
1e-04
0.0003903201
0.0001898254
1e-04
0.0001816201
0.0002014099
1e-04
1e-04
1e-04
1e-04
0.0003488575
1e-04
1e-04
1e-04
1e-04
1e-04
1e-04
1e-04
1e-04
0.0005927682
1e-04
0.0001823487
0.00103321
1e-04
1e-04
1e-04
1e-04
1e-04
1e-04
1e-04
0.0002047921
0.002282158
1e-04
1e-04
0.0004058442
1e-04
1e-04
1e-04
1e-04
1e-04
1e-04
1e-04
1e-04
0.0001666944
0.0001901502
0.0003976934
1e-04
0.0003895598
1e-04
